-7  -1.4  1.4552E-5
-7  -1.35 4.9653E-5
-7  -1.3  7.9327E-5
-7  -1.25 6.7225E-5
-7  -1.2  2.6508E-5
-7  -1.1  3.8564E-6
-7  -1.05 6.5209E-6
-7  -0.9  5.0987E-6
-7  -0.45 6.0558E-6
-7  -0.4  1.1836E-5
-7  -0.3  5.3146E-6
-7  -0.25 2.6481E-5
-7  -0.2  1.6257E-5
-7  -0.15 8.2464E-6
-7  -0.1  1.4534E-4
-7  -0.05 4.2652E-4
-7  0 5.7625E-4
-7  0.05  4.2139E-4
-7  0.1 1.4459E-4
-7  0.15  6.9671E-6
-7  0.2 1.3417E-5
-7  0.25  2.1383E-5
-7  0.4 1.0318E-5
-7  0.45  4.3003E-6
-7  0.55  4.7908E-6
-6.95 -1.4  1.2136E-5
-6.95 -1.35 4.1618E-5
-6.95 -1.3  6.6216E-5
-6.95 -1.25 5.6709E-5
-6.95 -1.2  2.2035E-5
-6.95 -1.05 5.3566E-6
-6.95 -0.9  4.4776E-6
-6.95 -0.45 4.9749E-6
-6.95 -0.4  9.603E-6
-6.95 -0.3  4.2165E-6
-6.95 -0.25 2.1612E-5
-6.95 -0.2  1.3721E-5
-6.95 -0.15 4.6103E-6
-6.95 -0.1  1.2231E-4
-6.95 -0.05 3.5543E-4
-6.95 0 4.8328E-4
-6.95 0.05  3.5322E-4
-6.95 0.1 1.2127E-4
-6.95 0.15  7.0061E-6
-6.95 0.2 1.1038E-5
-6.95 0.25  1.7449E-5
-6.95 0.4 9.2101E-6
-6.95 0.55  4.6819E-6
-6.9  -1.4  5.738E-6
-6.9  -1.35 1.9745E-5
-6.9  -1.3  3.1581E-5
-6.9  -1.25 2.7107E-5
-6.9  -1.2  1.0593E-5
-6.9  -0.4  4.4487E-6
-6.9  -0.25 1.0355E-5
-6.9  -0.2  6.3353E-6
-6.9  -0.1  5.8949E-5
-6.9  -0.05 1.7024E-4
-6.9  0 2.2817E-4
-6.9  0.05  1.6526E-4
-6.9  0.1 5.7257E-5
-6.9  0.2 4.9994E-6
-6.9  0.25  7.4343E-6
-6.9  0.4 4.4237E-6
-6.85 -1.3  3.9673E-6
-6.85 -0.1  7.0056E-6
-6.85 -0.05 2.0716E-5
-6.85 0 2.8817E-5
-6.85 0.05  2.0115E-5
-6.85 0.1 6.9975E-6
-6.85 1.3 3.899E-6
-6.8  -0.1  5.3662E-6
-6.8  -0.05 1.7338E-5
-6.8  0 2.44E-5
-6.8  0.05  1.7063E-5
-6.8  0.1 5.5304E-6
-6.75 -1.35 1.1477E-5
-6.75 -1.3  1.8299E-5
-6.75 -1.25 1.5796E-5
-6.75 -1.2  5.9108E-6
-6.75 -0.25 5.6582E-6
-6.75 -0.2  4.0031E-6
-6.75 -0.1  3.1987E-5
-6.75 -0.05 9.5864E-5
-6.75 0 1.3367E-4
-6.75 0.05  9.7999E-5
-6.75 0.1 3.2151E-5
-6.75 0.2 4.0734E-6
-6.75 0.25  6.2048E-6
-6.75 1.2 5.7921E-6
-6.75 1.25  1.5307E-5
-6.75 1.3 1.8338E-5
-6.75 1.35  1.1341E-5
-6.7  -1.4  3.9615E-6
-6.7  -1.35 1.4061E-5
-6.7  -1.3  2.2621E-5
-6.7  -1.25 1.9252E-5
-6.7  -1.2  7.4024E-6
-6.7  -0.25 7.181E-6
-6.7  -0.2  4.6799E-6
-6.7  -0.1  3.984E-5
-6.7  -0.05 1.1967E-4
-6.7  0 1.6383E-4
-6.7  0.05  1.1995E-4
-6.7  0.1 3.9912E-5
-6.7  0.2 4.4999E-6
-6.7  0.25  6.937E-6
-6.7  1.2 7.1432E-6
-6.7  1.25  1.8894E-5
-6.7  1.3 2.2381E-5
-6.7  1.35  1.3993E-5
-6.7  1.4 3.9732E-6
-6.65 -1.35 5.9709E-6
-6.65 -1.3  9.4887E-6
-6.65 -1.25 8.1311E-6
-6.65 -0.1  1.7541E-5
-6.65 -0.05 5.0448E-5
-6.65 0 6.8903E-5
-6.65 0.05  4.9706E-5
-6.65 0.1 1.6524E-5
-6.65 1.25  7.9199E-6
-6.65 1.3 9.3946E-6
-6.65 1.35  5.7186E-6
-6.55 -1.35 7.1949E-6
-6.55 -1.3  1.1621E-5
-6.55 -1.25 9.9944E-6
-6.55 -1.2  3.8948E-6
-6.55 -0.1  2.1231E-5
-6.55 -0.05 6.12E-5
-6.55 0 8.4052E-5
-6.55 0.05  6.2074E-5
-6.55 0.1 2.1191E-5
-6.55 0.25  4.1489E-6
-6.55 1.25  9.7096E-6
-6.55 1.3 1.1445E-5
-6.55 1.35  6.9846E-6
-6.5  -1.4  5.2966E-6
-6.5  -1.35 1.8413E-5
-6.5  -1.3  2.9456E-5
-6.5  -1.25 2.5343E-5
-6.5  -1.2  9.834E-6
-6.5  -0.4  4.1306E-6
-6.5  -0.25 9.3829E-6
-6.5  -0.2  6.0123E-6
-6.5  -0.1  5.184E-5
-6.5  -0.05 1.5553E-4
-6.5  0 2.1193E-4
-6.5  0.05  1.5645E-4
-6.5  0.1 5.3071E-5
-6.5  0.2 5.7979E-6
-6.5  0.25  9.685E-6
-6.5  1.2 9.4028E-6
-6.5  1.25  2.4603E-5
-6.5  1.3 2.88E-5
-6.5  1.35  1.8166E-5
-6.5  1.4 5.3019E-6
-6.45 -1.4  4.7909E-6
-6.45 -1.35 1.6255E-5
-6.45 -1.3  2.6439E-5
-6.45 -1.25 2.2666E-5
-6.45 -1.2  8.8008E-6
-6.45 -0.25 8.3731E-6
-6.45 -0.2  5.4181E-6
-6.45 -0.1  4.6905E-5
-6.45 -0.05 1.393E-4
-6.45 0 1.9115E-4
-6.45 0.05  1.4004E-4
-6.45 0.1 4.8327E-5
-6.45 0.2 5.0511E-6
-6.45 0.25  8.0242E-6
-6.45 1.2 8.3704E-6
-6.45 1.25  2.2008E-5
-6.45 1.3 2.5821E-5
-6.45 1.35  1.6214E-5
-6.45 1.4 4.7875E-6
-6.4  -1.3  4.9403E-6
-6.4  -1.25 4.1418E-6
-6.4  -0.1  8.8727E-6
-6.4  -0.05 2.6894E-5
-6.4  0 3.5143E-5
-6.4  0.05  2.5349E-5
-6.4  0.1 8.3719E-6
-6.4  1.25  4.0793E-6
-6.4  1.3 4.6971E-6
-6.35 -1.35 4.8421E-6
-6.35 -1.3  8.2101E-6
-6.35 -1.25 7.1858E-6
-6.35 -0.1  1.3276E-5
-6.35 -0.05 4.1907E-5
-6.35 0 5.9323E-5
-6.35 0.05  4.4227E-5
-6.35 0.1 1.7044E-5
-6.35 1.25  6.9348E-6
-6.35 1.3 7.924E-6
-6.35 1.35  5.0735E-6
-6.3  -1.4  1.3312E-5
-6.3  -1.35 4.5911E-5
-6.3  -1.3  7.4426E-5
-6.3  -1.25 6.4818E-5
-6.3  -1.2  2.5533E-5
-6.3  -1.1  4.7092E-6
-6.3  -1.05 8.3345E-6
-6.3  -0.9  6.3741E-6
-6.3  -0.85 4.7979E-6
-6.3  -0.75 6.0965E-6
-6.3  -0.7  7.7842E-6
-6.3  -0.65 4.0755E-6
-6.3  -0.45 5.0777E-6
-6.3  -0.4  9.4935E-6
-6.3  -0.3  4.2906E-6
-6.3  -0.25 2.2257E-5
-6.3  -0.2  1.3781E-5
-6.3  -0.15 7.2418E-6
-6.3  -0.1  1.2762E-4
-6.3  -0.05 3.8643E-4
-6.3  0 5.3255E-4
-6.3  0.05  4.0066E-4
-6.3  0.1 1.3872E-4
-6.3  0.15  8.009E-6
-6.3  0.2 1.5851E-5
-6.3  0.25  2.6829E-5
-6.3  0.3 5.5768E-6
-6.3  0.4 1.2627E-5
-6.3  0.45  8.5879E-6
-6.3  0.55  7.7058E-6
-6.3  0.6 8.8845E-6
-6.3  0.65  4.0295E-6
-6.3  0.9 4.6229E-6
-6.3  1.05  6.857E-6
-6.3  1.1 3.9435E-6
-6.3  1.2 2.3029E-5
-6.3  1.25  6.0647E-5
-6.3  1.3 7.2095E-5
-6.3  1.35  4.6104E-5
-6.3  1.4 1.3144E-5
-6.25 -1.4  3.3155E-5
-6.25 -1.35 1.1554E-4
-6.25 -1.3  1.8734E-4
-6.25 -1.25 1.6109E-4
-6.25 -1.2  6.4745E-5
-6.25 -1.1  1.1352E-5
-6.25 -1.05 2.0076E-5
-6.25 -1  4.6181E-6
-6.25 -0.9  1.4848E-5
-6.25 -0.85 9.4627E-6
-6.25 -0.75 1.1479E-5
-6.25 -0.7  1.4302E-5
-6.25 -0.65 5.3056E-6
-6.25 -0.6  5.096E-6
-6.25 -0.55 6.5552E-6
-6.25 -0.45 1.1078E-5
-6.25 -0.4  2.1725E-5
-6.25 -0.35 4.888E-6
-6.25 -0.3  1.2621E-5
-6.25 -0.25 5.6054E-5
-6.25 -0.2  3.5832E-5
-6.25 -0.15 1.638E-5
-6.25 -0.1  3.3209E-4
-6.25 -0.05 9.693E-4
-6.25 0 0.0013
-6.25 0.05  9.9516E-4
-6.25 0.1 3.5039E-4
-6.25 0.15  1.522E-5
-6.25 0.2 3.9172E-5
-6.25 0.25  6.3676E-5
-6.25 0.3 1.4615E-5
-6.25 0.35  6.0312E-6
-6.25 0.4 2.9343E-5
-6.25 0.45  1.7123E-5
-6.25 0.55  1.4452E-5
-6.25 0.6 1.6408E-5
-6.25 0.65  5.1338E-6
-6.25 0.7 4.1615E-6
-6.25 0.75  5.0195E-6
-6.25 0.85  5.7126E-6
-6.25 0.9 1.0675E-5
-6.25 1 3.9667E-6
-6.25 1.05  1.7067E-5
-6.25 1.1 1.0064E-5
-6.25 1.2 5.8955E-5
-6.25 1.25  1.5229E-4
-6.25 1.3 1.8009E-4
-6.25 1.35  1.1497E-4
-6.25 1.4 3.3467E-5
-6.25 2.55  4.2766E-6
-6.25 2.6 6.1073E-6
-6.25 2.65  4.6263E-6
-6.2  -1.55 4.3184E-6
-6.2  -1.4  4.8573E-5
-6.2  -1.35 1.713E-4
-6.2  -1.3  2.758E-4
-6.2  -1.25 2.3882E-4
-6.2  -1.2  9.376E-5
-6.2  -1.15 5.159E-6
-6.2  -1.1  1.6578E-5
-6.2  -1.05 2.9942E-5
-6.2  -1  6.6734E-6
-6.2  -0.95 4.6893E-6
-6.2  -0.9  2.1268E-5
-6.2  -0.85 1.3255E-5
-6.2  -0.75 1.5656E-5
-6.2  -0.7  1.9575E-5
-6.2  -0.65 4.8506E-6
-6.2  -0.6  5.5698E-6
-6.2  -0.55 9.8713E-6
-6.2  -0.45 1.5616E-5
-6.2  -0.4  2.8808E-5
-6.2  -0.35 6.6018E-6
-6.2  -0.3  1.8137E-5
-6.2  -0.25 8.4823E-5
-6.2  -0.2  5.1793E-5
-6.2  -0.15 2.4737E-5
-6.2  -0.1  4.771E-4
-6.2  -0.05 0.0014
-6.2  0 0.002
-6.2  0.05  0.0015
-6.2  0.1 5.0602E-4
-6.2  0.15  2.9038E-5
-6.2  0.2 5.6361E-5
-6.2  0.25  9.6141E-5
-6.2  0.3 2.0591E-5
-6.2  0.35  9.5787E-6
-6.2  0.4 4.2334E-5
-6.2  0.45  2.3851E-5
-6.2  0.55  1.9752E-5
-6.2  0.6 2.2726E-5
-6.2  0.65  5.1346E-6
-6.2  0.7 4.5048E-6
-6.2  0.75  7.7288E-6
-6.2  0.85  8.0894E-6
-6.2  0.9 1.3984E-5
-6.2  1 5.8055E-6
-6.2  1.05  2.5439E-5
-6.2  1.1 1.4764E-5
-6.2  1.2 8.597E-5
-6.2  1.25  2.2438E-4
-6.2  1.3 2.6567E-4
-6.2  1.35  1.6869E-4
-6.2  1.4 4.9966E-5
-6.2  1.55  4.6287E-6
-6.2  2.55  6.2798E-6
-6.2  2.6 9.0107E-6
-6.2  2.65  6.7872E-6
-6.15 -1.55 4.3988E-6
-6.15 -1.4  5.0921E-5
-6.15 -1.35 1.7616E-4
-6.15 -1.3  2.8671E-4
-6.15 -1.25 2.4652E-4
-6.15 -1.2  9.7982E-5
-6.15 -1.15 4.747E-6
-6.15 -1.1  1.751E-5
-6.15 -1.05 3.0838E-5
-6.15 -1  7.3301E-6
-6.15 -0.95 4.4768E-6
-6.15 -0.9  2.2172E-5
-6.15 -0.85 1.3196E-5
-6.15 -0.75 1.6285E-5
-6.15 -0.7  2.0489E-5
-6.15 -0.65 4.3245E-6
-6.15 -0.6  4.1007E-6
-6.15 -0.55 1.102E-5
-6.15 -0.5  5.6036E-6
-6.15 -0.45 1.5873E-5
-6.15 -0.4  2.7712E-5
-6.15 -0.35 5.1977E-6
-6.15 -0.3  2.0983E-5
-6.15 -0.25 8.7399E-5
-6.15 -0.2  5.3652E-5
-6.15 -0.15 2.3904E-5
-6.15 -0.1  5.0044E-4
-6.15 -0.05 0.0015
-6.15 0 0.002
-6.15 0.05  0.0015
-6.15 0.1 5.2658E-4
-6.15 0.15  2.152E-5
-6.15 0.2 5.98E-5
-6.15 0.25  9.7865E-5
-6.15 0.3 2.1777E-5
-6.15 0.35  8.961E-6
-6.15 0.4 4.3376E-5
-6.15 0.45  2.414E-5
-6.15 0.55  2.0388E-5
-6.15 0.6 2.3544E-5
-6.15 0.65  4.5945E-6
-6.15 0.75  8.2953E-6
-6.15 0.85  8.2006E-6
-6.15 0.9 1.3427E-5
-6.15 1 6.5883E-6
-6.15 1.05  2.6525E-5
-6.15 1.1 1.5016E-5
-6.15 1.15  4.4607E-6
-6.15 1.2 8.8616E-5
-6.15 1.25  2.316E-4
-6.15 1.3 2.7308E-4
-6.15 1.35  1.7322E-4
-6.15 1.4 5.1321E-5
-6.15 1.55  4.7724E-6
-6.15 2.55  6.441E-6
-6.15 2.6 9.1891E-6
-6.15 2.65  6.955E-6
-6.1  -1.4  3.7459E-5
-6.1  -1.35 1.3127E-4
-6.1  -1.3  2.1247E-4
-6.1  -1.25 1.8431E-4
-6.1  -1.2  7.2226E-5
-6.1  -1.15 3.9619E-6
-6.1  -1.1  1.3114E-5
-6.1  -1.05 2.3928E-5
-6.1  -1  5.4061E-6
-6.1  -0.9  1.6609E-5
-6.1  -0.85 9.9166E-6
-6.1  -0.75 1.2633E-5
-6.1  -0.7  1.662E-5
-6.1  -0.55 9.3323E-6
-6.1  -0.5  6.9122E-6
-6.1  -0.45 1.285E-5
-6.1  -0.4  1.8482E-5
-6.1  -0.3  1.5527E-5
-6.1  -0.25 6.5534E-5
-6.1  -0.2  3.8369E-5
-6.1  -0.15 2.0084E-5
-6.1  -0.1  3.69E-4
-6.1  -0.05 0.0011
-6.1  0 0.0015
-6.1  0.05  0.0011
-6.1  0.1 3.891E-4
-6.1  0.15  2.1501E-5
-6.1  0.2 4.4759E-5
-6.1  0.25  7.6701E-5
-6.1  0.3 1.666E-5
-6.1  0.35  7.3775E-6
-6.1  0.4 3.3143E-5
-6.1  0.45  1.7997E-5
-6.1  0.55  1.5727E-5
-6.1  0.6 1.9249E-5
-6.1  0.75  6.9392E-6
-6.1  0.8 4.3391E-6
-6.1  0.85  6.6929E-6
-6.1  0.9 9.1015E-6
-6.1  1 5.0289E-6
-6.1  1.05  1.9583E-5
-6.1  1.1 1.1194E-5
-6.1  1.2 6.599E-5
-6.1  1.25  1.7158E-4
-6.1  1.3 2.0379E-4
-6.1  1.35  1.292E-4
-6.1  1.4 3.8526E-5
-6.1  2.55  4.7886E-6
-6.1  2.6 6.8648E-6
-6.1  2.65  5.1856E-6
-6.05 -1.4  2.051E-5
-6.05 -1.35 7.0127E-5
-6.05 -1.3  1.1375E-4
-6.05 -1.25 9.8209E-5
-6.05 -1.2  3.8655E-5
-6.05 -1.1  7.3712E-6
-6.05 -1.05 1.2944E-5
-6.05 -0.9  9.0487E-6
-6.05 -0.85 5.2825E-6
-6.05 -0.75 7.5292E-6
-6.05 -0.7  1.0359E-5
-6.05 -0.55 6.4663E-6
-6.05 -0.5  6.656E-6
-6.05 -0.45 8.2382E-6
-6.05 -0.4  9.5025E-6
-6.05 -0.3  9.0682E-6
-6.05 -0.25 3.4467E-5
-6.05 -0.2  1.9871E-5
-6.05 -0.15 1.119E-5
-6.05 -0.1  1.9998E-4
-6.05 -0.05 5.8603E-4
-6.05 0 8.0711E-4
-6.05 0.05  5.9898E-4
-6.05 0.1 2.0712E-4
-6.05 0.15  7.7212E-6
-6.05 0.2 2.4332E-5
-6.05 0.25  4.1091E-5
-6.05 0.3 9.3927E-6
-6.05 0.4 1.7665E-5
-6.05 0.45  9.6715E-6
-6.05 0.55  9.3152E-6
-6.05 0.6 1.1772E-5
-6.05 0.75  4.7299E-6
-6.05 0.8 4.1911E-6
-6.05 0.85  4.3892E-6
-6.05 0.9 4.567E-6
-6.05 1.05  1.0472E-5
-6.05 1.1 5.5467E-6
-6.05 1.2 3.5339E-5
-6.05 1.25  9.1585E-5
-6.05 1.3 1.0802E-4
-6.05 1.35  6.8486E-5
-6.05 1.4 2.005E-5
-6  -1.4  6.9294E-6
-6  -1.35 2.406E-5
-6  -1.3  3.8053E-5
-6  -1.25 3.3043E-5
-6  -1.2  1.3034E-5
-6  -1.05 4.603E-6
-6  -0.7  4.7435E-6
-6  -0.5  4.7441E-6
-6  -0.45 4.5094E-6
-6  -0.25 1.1144E-5
-6  -0.2  6.2425E-6
-6  -0.1  6.9773E-5
-6  -0.05 2.0065E-4
-6  0 2.7066E-4
-6  0.05  2.0219E-4
-6  0.1 7.1204E-5
-6  0.2 8.688E-6
-6  0.25  1.4566E-5
-6  0.4 6.1296E-6
-6  0.6 5.3708E-6
-6  1.2 1.2548E-5
-6  1.25  3.0653E-5
-6  1.3 3.6143E-5
-6  1.35  2.3003E-5
-6  1.4 6.5912E-6
-5.95 -1.3  5.4436E-6
-5.95 -1.25 4.6068E-6
-5.95 -0.1  1.0521E-5
-5.95 -0.05 2.9794E-5
-5.95 0 3.8582E-5
-5.95 0.05  2.8338E-5
-5.95 0.1 9.6088E-6
-5.95 1.25  4.6079E-6
-5.95 1.3 5.0928E-6
-5.85 -0.05 1.1039E-5
-5.85 0 1.6311E-5
-5.85 0.05  1.2183E-5
-5.85 0.1 4.1332E-6
-5.8  -0.05 1.1746E-5
-5.8  0 1.7362E-5
-5.8  0.05  1.3147E-5
-5.8  0.1 4.2916E-6
-5.75 -0.05 5.5342E-6
-5.75 0 8.001E-6
-5.75 0.05  5.8816E-6
-5.2  -0.05 5.844E-6
-5.2  0 7.6233E-6
-5.2  0.05  5.1423E-6
-5.15 -0.05 8.4347E-6
-5.15 0 1.1077E-5
-5.15 0.05  7.5968E-6
-5.1  -0.05 7.3103E-6
-5.1  0 9.8306E-6
-5.1  0.05  6.8048E-6
-5.05 -0.05 4.2321E-6
-5.05 0 5.7482E-6
-5.05 0.05  4.0863E-6
-5  0 4.2994E-6
-4.95 -0.05 4.3263E-6
-4.95 0 5.6255E-6
-4.95 0.05  4.0015E-6
-4.9  -0.05 4.4008E-6
-4.9  0 5.5914E-6
-4.9  0.05  3.8785E-6
-4.45 -1.3  4.0438E-6
-4.45 -0.1  7.3338E-6
-4.45 -0.05 2.1185E-5
-4.45 0 2.8491E-5
-4.45 0.05  2.0407E-5
-4.45 0.1 5.909E-6
-4.4  -1.35 9.6804E-6
-4.4  -1.3  1.5475E-5
-4.4  -1.25 1.2756E-5
-4.4  -1.2  4.7185E-6
-4.4  -0.25 5.8901E-6
-4.4  -0.2  4.0659E-6
-4.4  -0.1  2.5836E-5
-4.4  -0.05 8.0551E-5
-4.4  0 1.0926E-4
-4.4  0.05  7.8665E-5
-4.4  0.1 2.49E-5
-4.4  0.2 4.2721E-6
-4.4  0.25  5.6585E-6
-4.4  1.2 4.4847E-6
-4.4  1.25  1.2331E-5
-4.4  1.3 1.4289E-5
-4.4  1.35  8.6667E-6
-4.35 -1.4  5.6743E-6
-4.35 -1.35 2.0313E-5
-4.35 -1.3  3.2542E-5
-4.35 -1.25 2.7445E-5
-4.35 -1.2  9.7804E-6
-4.35 -0.4  5.2388E-6
-4.35 -0.25 1.109E-5
-4.35 -0.2  7.8929E-6
-4.35 -0.1  5.5313E-5
-4.35 -0.05 1.6881E-4
-4.35 0 2.3082E-4
-4.35 0.05  1.6623E-4
-4.35 0.1 5.3659E-5
-4.35 0.2 8.1865E-6
-4.35 0.25  1.1313E-5
-4.35 0.4 4.0698E-6
-4.35 1.2 9.6185E-6
-4.35 1.25  2.5718E-5
-4.35 1.3 3.0377E-5
-4.35 1.35  1.8455E-5
-4.35 1.4 5.1719E-6
-4.3  -1.4  7.8415E-6
-4.3  -1.35 2.7551E-5
-4.3  -1.3  4.4131E-5
-4.3  -1.25 3.7068E-5
-4.3  -1.2  1.3774E-5
-4.3  -1.05 4.5286E-6
-4.3  -0.55 3.9089E-6
-4.3  -0.4  7.0287E-6
-4.3  -0.25 1.4444E-5
-4.3  -0.2  9.9286E-6
-4.3  -0.1  7.5559E-5
-4.3  -0.05 2.2981E-4
-4.3  0 3.1188E-4
-4.3  0.05  2.2624E-4
-4.3  0.1 7.3314E-5
-4.3  0.2 1.0142E-5
-4.3  0.25  1.4403E-5
-4.3  0.4 5.1825E-6
-4.3  1.05  4.223E-6
-4.3  1.2 1.3065E-5
-4.3  1.25  3.4991E-5
-4.3  1.3 4.0872E-5
-4.3  1.35  2.5345E-5
-4.3  1.4 6.8994E-6
-4.25 -1.4  7.0241E-6
-4.25 -1.35 2.4557E-5
-4.25 -1.3  3.934E-5
-4.25 -1.25 3.3421E-5
-4.25 -1.2  1.2493E-5
-4.25 -0.55 4.163E-6
-4.25 -0.4  5.9566E-6
-4.25 -0.25 1.2153E-5
-4.25 -0.2  8.4133E-6
-4.25 -0.1  6.8536E-5
-4.25 -0.05 2.0462E-4
-4.25 0 2.7932E-4
-4.25 0.05  2.0207E-4
-4.25 0.1 6.6904E-5
-4.25 0.2 8.3575E-6
-4.25 0.25  1.1974E-5
-4.25 0.4 4.4642E-6
-4.25 1.2 1.1933E-5
-4.25 1.25  3.1074E-5
-4.25 1.3 3.6732E-5
-4.25 1.35  2.2544E-5
-4.25 1.4 6.412E-6
-4.2  -1.35 1.3124E-5
-4.2  -1.3  2.0824E-5
-4.2  -1.25 1.7641E-5
-4.2  -1.2  6.8552E-6
-4.2  -0.25 6.4097E-6
-4.2  -0.2  4.2445E-6
-4.2  -0.1  3.5948E-5
-4.2  -0.05 1.0905E-4
-4.2  0 1.468E-4
-4.2  0.05  1.0693E-4
-4.2  0.1 3.5592E-5
-4.2  0.25  5.7086E-6
-4.2  1.2 6.3368E-6
-4.2  1.25  1.6452E-5
-4.2  1.3 1.9114E-5
-4.2  1.35  1.1925E-5
-4.15 -1.3  3.9501E-6
-4.15 -0.1  7.0757E-6
-4.15 -0.05 2.1028E-5
-4.15 0 2.7433E-5
-4.15 0.05  1.9653E-5
-4.15 0.1 6.6516E-6
-4.05 -1.3  5.9231E-6
-4.05 -1.25 5.0036E-6
-4.05 -0.1  9.6908E-6
-4.05 -0.05 3.0132E-5
-4.05 0 4.2051E-5
-4.05 0.05  3.0147E-5
-4.05 0.1 1.0077E-5
-4.05 1.25  4.6002E-6
-4.05 1.3 5.4709E-6
-4  -1.35 5.0133E-6
-4  -1.3  8.0034E-6
-4  -1.25 6.7727E-6
-4  -0.1  1.3593E-5
-4  -0.05 4.1395E-5
-4  0 5.6237E-5
-4  0.05  4.0945E-5
-4  0.1 1.3458E-5
-4  1.25  6.2578E-6
-4  1.3 7.3029E-6
-4  1.35  4.5347E-6
-3.95 -1.3  3.892E-6
-3.95 -0.1  6.9584E-6
-3.95 -0.05 1.9891E-5
-3.95 0 2.7229E-5
-3.95 0.05  1.9708E-5
-3.95 0.1 6.916E-6
-3.85 -0.05 4.3158E-6
-3.85 0 5.8862E-6
-3.85 0.05  4.0281E-6
-3.8  -0.05 9.8542E-6
-3.8  0 1.3298E-5
-3.8  0.05  9.5082E-6
-3.75 -0.05 5.7875E-6
-3.75 0 7.5783E-6
-3.75 0.05  5.3448E-6
-3.65 -0.05 5.0958E-6
-3.65 0 6.5014E-6
-3.65 0.05  5.1258E-6
-3.6  -1.35 9.3324E-6
-3.6  -1.3  1.5057E-5
-3.6  -1.25 1.2906E-5
-3.6  -1.2  5.1181E-6
-3.6  -0.25 5.421E-6
-3.6  -0.1  2.6997E-5
-3.6  -0.05 7.5691E-5
-3.6  0 1.0217E-4
-3.6  0.05  7.5913E-5
-3.6  0.1 2.6491E-5
-3.6  0.25  4.9749E-6
-3.6  1.2 4.814E-6
-3.6  1.25  1.1244E-5
-3.6  1.3 1.316E-5
-3.6  1.35  8.265E-6
-3.55 -1.4  1.5845E-5
-3.55 -1.35 5.2594E-5
-3.55 -1.3  8.3351E-5
-3.55 -1.25 7.027E-5
-3.55 -1.2  2.7063E-5
-3.55 -1.1  4.8896E-6
-3.55 -1.05 8.9267E-6
-3.55 -0.9  5.1521E-6
-3.55 -0.6  4.3247E-6
-3.55 -0.45 6.214E-6
-3.55 -0.4  1.0674E-5
-3.55 -0.3  6.8206E-6
-3.55 -0.25 2.7854E-5
-3.55 -0.2  1.6621E-5
-3.55 -0.15 7.954E-6
-3.55 -0.1  1.4858E-4
-3.55 -0.05 4.2723E-4
-3.55 0 5.7318E-4
-3.55 0.05  4.1908E-4
-3.55 0.1 1.4109E-4
-3.55 0.15  6.0136E-6
-3.55 0.2 1.5776E-5
-3.55 0.25  2.7025E-5
-3.55 0.3 6.7713E-6
-3.55 0.4 9.6704E-6
-3.55 0.45  6.4046E-6
-3.55 0.9 4.95E-6
-3.55 1.05  8.1367E-6
-3.55 1.1 4.3285E-6
-3.55 1.2 2.4881E-5
-3.55 1.25  6.2792E-5
-3.55 1.3 7.2936E-5
-3.55 1.35  4.555E-5
-3.55 1.4 1.3003E-5
-3.5  -1.55 4.3085E-6
-3.5  -1.4  4.5195E-5
-3.5  -1.35 1.5911E-4
-3.5  -1.3  2.5299E-4
-3.5  -1.25 2.1373E-4
-3.5  -1.2  8.1537E-5
-3.5  -1.1  1.4884E-5
-3.5  -1.05 2.6879E-5
-3.5  -1  6.1792E-6
-3.5  -0.9  1.5319E-5
-3.5  -0.85 9.1293E-6
-3.5  -0.75 6.8038E-6
-3.5  -0.7  5.8253E-6
-3.5  -0.6  1.0705E-5
-3.5  -0.55 1.097E-5
-3.5  -0.45 1.818E-5
-3.5  -0.4  3.3866E-5
-3.5  -0.35 8.0502E-6
-3.5  -0.3  1.6425E-5
-3.5  -0.25 8.2207E-5
-3.5  -0.2  5.1387E-5
-3.5  -0.15 2.0006E-5
-3.5  -0.1  4.3183E-4
-3.5  -0.05 0.0013
-3.5  0 0.0017
-3.5  0.05  0.0013
-3.5  0.1 4.2767E-4
-3.5  0.15  2.5166E-5
-3.5  0.2 5.0721E-5
-3.5  0.25  8.2232E-5
-3.5  0.3 1.8809E-5
-3.5  0.35  5.6282E-6
-3.5  0.4 2.9318E-5
-3.5  0.45  1.5808E-5
-3.5  0.55  7.6535E-6
-3.5  0.6 6.4966E-6
-3.5  0.7 8.7219E-6
-3.5  0.75  8.1143E-6
-3.5  0.85  9.0182E-6
-3.5  0.9 1.5689E-5
-3.5  1 5.1717E-6
-3.5  1.05  2.345E-5
-3.5  1.1 1.3728E-5
-3.5  1.2 7.3958E-5
-3.5  1.25  1.9041E-4
-3.5  1.3 2.2031E-4
-3.5  1.35  1.3644E-4
-3.5  1.4 4.0052E-5
-3.5  2.55  4.9717E-6
-3.5  2.6 6.9266E-6
-3.5  2.65  5.0883E-6
-3.45 -1.55 8.053E-6
-3.45 -1.5  6.0292E-6
-3.45 -1.45 3.9227E-6
-3.45 -1.4  9.0908E-5
-3.45 -1.35 3.0839E-4
-3.45 -1.3  4.9703E-4
-3.45 -1.25 4.1851E-4
-3.45 -1.2  1.5923E-4
-3.45 -1.15 6.6875E-6
-3.45 -1.1  3.0751E-5
-3.45 -1.05 5.0942E-5
-3.45 -1  1.1241E-5
-3.45 -0.95 6.0844E-6
-3.45 -0.9  3.0231E-5
-3.45 -0.85 1.5701E-5
-3.45 -0.75 1.8461E-5
-3.45 -0.7  1.537E-5
-3.45 -0.6  2.0026E-5
-3.45 -0.55 2.312E-5
-3.45 -0.45 3.4497E-5
-3.45 -0.4  6.9111E-5
-3.45 -0.35 1.6116E-5
-3.45 -0.3  3.1921E-5
-3.45 -0.25 1.554E-4
-3.45 -0.2  9.9323E-5
-3.45 -0.15 4.2685E-5
-3.45 -0.1  8.492E-4
-3.45 -0.05 0.0025
-3.45 0 0.0034
-3.45 0.05  0.0025
-3.45 0.1 8.1613E-4
-3.45 0.15  2.8336E-5
-3.45 0.2 9.893E-5
-3.45 0.25  1.5444E-4
-3.45 0.3 3.21E-5
-3.45 0.35  1.2014E-5
-3.45 0.4 5.6803E-5
-3.45 0.45  2.7817E-5
-3.45 0.55  2.2092E-5
-3.45 0.6 1.7245E-5
-3.45 0.7 1.5815E-5
-3.45 0.75  1.6663E-5
-3.45 0.85  1.6965E-5
-3.45 0.9 3.1499E-5
-3.45 0.95  7.3688E-6
-3.45 1 9.4313E-6
-3.45 1.05  4.4889E-5
-3.45 1.1 2.5918E-5
-3.45 1.15  7.6186E-6
-3.45 1.2 1.4339E-4
-3.45 1.25  3.6975E-4
-3.45 1.3 4.2881E-4
-3.45 1.35  2.6589E-4
-3.45 1.4 7.5372E-5
-3.45 1.5 5.1999E-6
-3.45 1.55  7.0241E-6
-3.45 2.55  9.5352E-6
-3.45 2.6 1.3346E-5
-3.45 2.65  9.8802E-6
-3.4  -1.55 1.0628E-5
-3.4  -1.5  7.731E-6
-3.4  -1.45 5.582E-6
-3.4  -1.4  1.1619E-4
-3.4  -1.35 4.0966E-4
-3.4  -1.3  6.5454E-4
-3.4  -1.25 5.5949E-4
-3.4  -1.2  2.1216E-4
-3.4  -1.15 9.5769E-6
-3.4  -1.1  4.0258E-5
-3.4  -1.05 6.8475E-5
-3.4  -1  1.4279E-5
-3.4  -0.95 9.3841E-6
-3.4  -0.9  4.026E-5
-3.4  -0.85 1.9332E-5
-3.4  -0.75 2.841E-5
-3.4  -0.7  2.4499E-5
-3.4  -0.6  2.5943E-5
-3.4  -0.55 3.1686E-5
-3.4  -0.45 4.3668E-5
-3.4  -0.4  8.9306E-5
-3.4  -0.35 2.2574E-5
-3.4  -0.3  3.7338E-5
-3.4  -0.25 2.0186E-4
-3.4  -0.2  1.2975E-4
-3.4  -0.15 4.8748E-5
-3.4  -0.1  0.0011
-3.4  -0.05 0.0033
-3.4  0 0.0045
-3.4  0.05  0.0033
-3.4  0.1 0.0011
-3.4  0.15  5.1838E-5
-3.4  0.2 1.3041E-4
-3.4  0.25  2.0631E-4
-3.4  0.3 4.2817E-5
-3.4  0.35  1.7768E-5
-3.4  0.4 7.6814E-5
-3.4  0.45  3.4109E-5
-3.4  0.55  3.416E-5
-3.4  0.6 2.7536E-5
-3.4  0.7 1.972E-5
-3.4  0.75  2.3115E-5
-3.4  0.85  2.1502E-5
-3.4  0.9 4.0979E-5
-3.4  0.95  9.8313E-6
-3.4  1 1.1643E-5
-3.4  1.05  5.7013E-5
-3.4  1.1 3.4464E-5
-3.4  1.15  6.3017E-6
-3.4  1.2 1.8779E-4
-3.4  1.25  4.8404E-4
-3.4  1.3 5.6918E-4
-3.4  1.35  3.5275E-4
-3.4  1.4 1.0095E-4
-3.4  1.45  5.0089E-6
-3.4  1.5 6.8927E-6
-3.4  1.55  9.202E-6
-3.4  2.5 3.8839E-6
-3.4  2.55  1.244E-5
-3.4  2.6 1.7719E-5
-3.4  2.65  1.302E-5
-3.4  2.7 4.4342E-6
-3.35 -1.55 9.2521E-6
-3.35 -1.5  6.9881E-6
-3.35 -1.45 4.6253E-6
-3.35 -1.4  1.0698E-4
-3.35 -1.35 3.6077E-4
-3.35 -1.3  5.8231E-4
-3.35 -1.25 4.928E-4
-3.35 -1.2  1.8847E-4
-3.35 -1.15 7.2955E-6
-3.35 -1.1  3.578E-5
-3.35 -1.05 5.9071E-5
-3.35 -1  1.2741E-5
-3.35 -0.95 7.9E-6
-3.35 -0.9  3.5628E-5
-3.35 -0.85 1.6342E-5
-3.35 -0.75 2.8889E-5
-3.35 -0.7  2.4038E-5
-3.35 -0.6  2.2166E-5
-3.35 -0.55 2.8656E-5
-3.35 -0.45 3.7671E-5
-3.35 -0.4  8.0227E-5
-3.35 -0.35 1.9747E-5
-3.35 -0.3  3.3381E-5
-3.35 -0.25 1.7803E-4
-3.35 -0.2  1.1389E-4
-3.35 -0.15 5.1998E-5
-3.35 -0.1  9.9878E-4
-3.35 -0.05 0.0029
-3.35 0 0.004
-3.35 0.05  0.0029
-3.35 0.1 9.7063E-4
-3.35 0.15  3.3433E-5
-3.35 0.2 1.1536E-4
-3.35 0.25  1.7914E-4
-3.35 0.3 3.5535E-5
-3.35 0.35  1.5996E-5
-3.35 0.4 6.6734E-5
-3.35 0.45  2.9408E-5
-3.35 0.55  3.4358E-5
-3.35 0.6 2.6933E-5
-3.35 0.7 1.7039E-5
-3.35 0.75  2.0468E-5
-3.35 0.85  1.8431E-5
-3.35 0.9 3.6306E-5
-3.35 0.95  8.9879E-6
-3.35 1 9.716E-6
-3.35 1.05  5.1062E-5
-3.35 1.1 3.0052E-5
-3.35 1.15  8.2057E-6
-3.35 1.2 1.6375E-4
-3.35 1.25  4.2974E-4
-3.35 1.3 5.0047E-4
-3.35 1.35  3.1227E-4
-3.35 1.4 8.8362E-5
-3.35 1.5 5.9622E-6
-3.35 1.55  8.1029E-6
-3.35 2.55  1.0981E-5
-3.35 2.6 1.5436E-5
-3.35 2.65  1.1413E-5
-3.35 2.7 3.8403E-6
-3.3  -1.55 4.7679E-6
-3.3  -1.4  5.3444E-5
-3.3  -1.35 1.8438E-4
-3.3  -1.3  2.9674E-4
-3.3  -1.25 2.5292E-4
-3.3  -1.2  9.7635E-5
-3.3  -1.15 5.1222E-6
-3.3  -1.1  1.7402E-5
-3.3  -1.05 3.047E-5
-3.3  -1  6.6321E-6
-3.3  -0.95 4.2051E-6
-3.3  -0.9  1.8114E-5
-3.3  -0.85 7.8796E-6
-3.3  -0.75 1.5877E-5
-3.3  -0.7  1.4207E-5
-3.3  -0.6  1.0136E-5
-3.3  -0.55 1.391E-5
-3.3  -0.45 1.865E-5
-3.3  -0.4  3.9297E-5
-3.3  -0.35 9.7945E-6
-3.3  -0.3  1.7419E-5
-3.3  -0.25 8.983E-5
-3.3  -0.2  5.8038E-5
-3.3  -0.15 1.9615E-5
-3.3  -0.1  5.1249E-4
-3.3  -0.05 0.0015
-3.3  0 0.002
-3.3  0.05  0.0015
-3.3  0.1 4.9349E-4
-3.3  0.15  2.5878E-5
-3.3  0.2 5.7906E-5
-3.3  0.25  9.1284E-5
-3.3  0.3 1.9317E-5
-3.3  0.35  8.1172E-6
-3.3  0.4 3.4403E-5
-3.3  0.45  1.3892E-5
-3.3  0.55  1.9167E-5
-3.3  0.6 1.5701E-5
-3.3  0.7 7.5939E-6
-3.3  0.75  1.0003E-5
-3.3  0.85  9.5375E-6
-3.3  0.9 1.7969E-5
-3.3  0.95  4.1884E-6
-3.3  1 5.4075E-6
-3.3  1.05  2.5439E-5
-3.3  1.1 1.5463E-5
-3.3  1.2 8.6328E-5
-3.3  1.25  2.1758E-4
-3.3  1.3 2.5607E-4
-3.3  1.35  1.5922E-4
-3.3  1.4 4.5468E-5
-3.3  1.55  4.0832E-6
-3.3  2.55  5.5751E-6
-3.3  2.6 7.9447E-6
-3.3  2.65  5.8737E-6
-3.25 -1.4  7.5855E-6
-3.25 -1.35 2.7321E-5
-3.25 -1.3  4.3973E-5
-3.25 -1.25 3.6015E-5
-3.25 -1.2  1.5387E-5
-3.25 -1.05 4.1608E-6
-3.25 -0.4  5.318E-6
-3.25 -0.25 1.3053E-5
-3.25 -0.2  7.2769E-6
-3.25 -0.1  7.2697E-5
-3.25 -0.05 2.1606E-4
-3.25 0 2.9355E-4
-3.25 0.05  2.0539E-4
-3.25 0.1 7.556E-5
-3.25 0.2 8.6644E-6
-3.25 0.25  1.2328E-5
-3.25 0.4 4.7045E-6
-3.25 1.2 1.24E-5
-3.25 1.25  3.134E-5
-3.25 1.3 3.7996E-5
-3.25 1.35  2.2141E-5
-3.25 1.4 6.6239E-6
-3.2  -1.4  4.7966E-6
-3.2  -1.35 1.6816E-5
-3.2  -1.3  2.8272E-5
-3.2  -1.25 2.3277E-5
-3.2  -1.2  8.0491E-6
-3.2  -0.4  4.2429E-6
-3.2  -0.25 8.0607E-6
-3.2  -0.2  6.2539E-6
-3.2  -0.1  4.7142E-5
-3.2  -0.05 1.3551E-4
-3.2  0 1.8823E-4
-3.2  0.05  1.3612E-4
-3.2  0.1 4.2219E-5
-3.2  0.2 5.5117E-6
-3.2  0.25  8.1268E-6
-3.2  1.2 7.6846E-6
-3.2  1.25  1.9882E-5
-3.2  1.3 2.3326E-5
-3.2  1.35  1.44E-5
-3.15 -1.4  3.3308E-5
-3.15 -1.35 1.165E-4
-3.15 -1.3  1.8629E-4
-3.15 -1.25 1.5679E-4
-3.15 -1.2  5.9981E-5
-3.15 -1.1  1.1401E-5
-3.15 -1.05 1.8141E-5
-3.15 -0.9  1.1946E-5
-3.15 -0.85 5.0869E-6
-3.15 -0.75 9.7824E-6
-3.15 -0.7  6.7922E-6
-3.15 -0.6  1.1405E-5
-3.15 -0.55 1.4462E-5
-3.15 -0.45 1.0265E-5
-3.15 -0.4  2.6118E-5
-3.15 -0.35 7.8522E-6
-3.15 -0.3  9.6709E-6
-3.15 -0.25 5.656E-5
-3.15 -0.2  3.7686E-5
-3.15 -0.15 1.4931E-5
-3.15 -0.1  3.1011E-4
-3.15 -0.05 9.2662E-4
-3.15 0 0.0013
-3.15 0.05  9.1217E-4
-3.15 0.1 3.0231E-4
-3.15 0.15  1.2612E-5
-3.15 0.2 3.6316E-5
-3.15 0.25  5.4552E-5
-3.15 0.3 9.4122E-6
-3.15 0.35  6.2888E-6
-3.15 0.4 2.2256E-5
-3.15 0.45  8.9185E-6
-3.15 0.55  1.1593E-5
-3.15 0.6 7.852E-6
-3.15 0.7 8.6328E-6
-3.15 0.75  1.0109E-5
-3.15 0.85  4.9343E-6
-3.15 0.9 1.1637E-5
-3.15 1.05  1.5941E-5
-3.15 1.1 1.0001E-5
-3.15 1.2 5.1068E-5
-3.15 1.25  1.3454E-4
-3.15 1.3 1.563E-4
-3.15 1.35  9.7065E-5
-3.15 1.4 2.7278E-5
-3.15 2.6 4.77E-6
-3.1  -1.55 4.1001E-6
-3.1  -1.4  4.5224E-5
-3.1  -1.35 1.5922E-4
-3.1  -1.3  2.5317E-4
-3.1  -1.25 2.1722E-4
-3.1  -1.2  8.2217E-5
-3.1  -1.15 4.3926E-6
-3.1  -1.1  1.529E-5
-3.1  -1.05 2.5356E-5
-3.1  -1  4.763E-6
-3.1  -0.95 4.5061E-6
-3.1  -0.9  1.6425E-5
-3.1  -0.85 6.675E-6
-3.1  -0.75 1.4104E-5
-3.1  -0.7  1.0971E-5
-3.1  -0.6  1.3295E-5
-3.1  -0.55 1.7874E-5
-3.1  -0.45 1.4015E-5
-3.1  -0.4  3.3723E-5
-3.1  -0.35 9.4295E-6
-3.1  -0.3  1.3487E-5
-3.1  -0.25 7.6278E-5
-3.1  -0.2  5.0889E-5
-3.1  -0.15 1.4404E-5
-3.1  -0.1  4.2315E-4
-3.1  -0.05 0.0013
-3.1  0 0.0017
-3.1  0.05  0.0013
-3.1  0.1 4.2001E-4
-3.1  0.15  1.899E-5
-3.1  0.2 4.9713E-5
-3.1  0.25  7.4978E-5
-3.1  0.3 1.3841E-5
-3.1  0.35  8.5392E-6
-3.1  0.4 3.1108E-5
-3.1  0.45  1.1762E-5
-3.1  0.55  1.6893E-5
-3.1  0.6 1.214E-5
-3.1  0.7 1.0035E-5
-3.1  0.75  1.2696E-5
-3.1  0.85  6.6671E-6
-3.1  0.9 1.5217E-5
-3.1  0.95  3.977E-6
-3.1  1 3.9968E-6
-3.1  1.05  2.1246E-5
-3.1  1.1 1.3339E-5
-3.1  1.2 6.9688E-5
-3.1  1.25  1.8124E-4
-3.1  1.3 2.1451E-4
-3.1  1.35  1.3294E-4
-3.1  1.4 3.8182E-5
-3.1  2.55  4.5829E-6
-3.1  2.6 6.5145E-6
-3.1  2.65  4.8023E-6
-3.05 -1.4  2.2439E-5
-3.05 -1.35 7.6942E-5
-3.05 -1.3  1.2202E-4
-3.05 -1.25 1.0402E-4
-3.05 -1.2  4.1022E-5
-3.05 -1.1  6.9667E-6
-3.05 -1.05 1.1779E-5
-3.05 -0.9  7.5948E-6
-3.05 -0.75 7.4184E-6
-3.05 -0.7  5.9793E-6
-3.05 -0.6  5.5295E-6
-3.05 -0.55 7.8544E-6
-3.05 -0.45 6.4065E-6
-3.05 -0.4  1.5526E-5
-3.05 -0.35 4.3072E-6
-3.05 -0.3  7.0611E-6
-3.05 -0.25 3.7519E-5
-3.05 -0.2  2.3666E-5
-3.05 -0.15 1.0145E-5
-3.05 -0.1  2.0429E-4
-3.05 -0.05 6.0451E-4
-3.05 0 8.1899E-4
-3.05 0.05  5.9855E-4
-3.05 0.1 1.9751E-4
-3.05 0.15  9.059E-6
-3.05 0.2 2.2401E-5
-3.05 0.25  3.5429E-5
-3.05 0.3 5.9393E-6
-3.05 0.35  4.1961E-6
-3.05 0.4 1.4263E-5
-3.05 0.45  5.4561E-6
-3.05 0.55  8.803E-6
-3.05 0.6 6.7116E-6
-3.05 0.7 3.9876E-6
-3.05 0.75  5.349E-6
-3.05 0.9 6.8919E-6
-3.05 1.05  1.0468E-5
-3.05 1.1 6.5036E-6
-3.05 1.2 3.2777E-5
-3.05 1.25  8.7516E-5
-3.05 1.3 1.0175E-4
-3.05 1.35  6.3134E-5
-3.05 1.4 1.7526E-5
-3  -0.05 7.5046E-6
-3  0 3.9512E-6
-3  0.05  8.0496E-6
-2.95 -1.4  2.6935E-5
-2.95 -1.35 8.8975E-5
-2.95 -1.3  1.4207E-4
-2.95 -1.25 1.2109E-4
-2.95 -1.2  4.6945E-5
-2.95 -1.1  8.9316E-6
-2.95 -1.05 1.3681E-5
-2.95 -0.9  8.9879E-6
-2.95 -0.75 7.0733E-6
-2.95 -0.7  4.9586E-6
-2.95 -0.6  9.1712E-6
-2.95 -0.55 1.1194E-5
-2.95 -0.45 7.8183E-6
-2.95 -0.4  2.0436E-5
-2.95 -0.35 5.7325E-6
-2.95 -0.3  6.7803E-6
-2.95 -0.25 4.3119E-5
-2.95 -0.2  2.8304E-5
-2.95 -0.15 1.108E-5
-2.95 -0.1  2.3923E-4
-2.95 -0.05 6.9638E-4
-2.95 0 9.4256E-4
-2.95 0.05  6.9476E-4
-2.95 0.1 2.304E-4
-2.95 0.15  9.446E-6
-2.95 0.2 2.7342E-5
-2.95 0.25  4.13E-5
-2.95 0.3 7.0116E-6
-2.95 0.35  4.7652E-6
-2.95 0.4 1.6269E-5
-2.95 0.45  6.1636E-6
-2.95 0.55  8.1893E-6
-2.95 0.6 5.4215E-6
-2.95 0.7 6.9402E-6
-2.95 0.75  7.83E-6
-2.95 0.9 8.9431E-6
-2.95 1.05  1.2025E-5
-2.95 1.1 7.2532E-6
-2.95 1.2 3.7184E-5
-2.95 1.25  1.0128E-4
-2.95 1.3 1.1571E-4
-2.95 1.35  7.0792E-5
-2.95 1.4 2.0326E-5
-2.9  -1.55 6.6576E-6
-2.9  -1.5  5.1383E-6
-2.9  -1.4  7.4011E-5
-2.9  -1.35 2.5984E-4
-2.9  -1.3  4.1515E-4
-2.9  -1.25 3.5373E-4
-2.9  -1.2  1.345E-4
-2.9  -1.15 6.5467E-6
-2.9  -1.1  2.545E-5
-2.9  -1.05 4.0695E-5
-2.9  -1  7.3435E-6
-2.9  -0.95 7.2918E-6
-2.9  -0.9  2.6686E-5
-2.9  -0.85 1.0332E-5
-2.9  -0.75 2.3106E-5
-2.9  -0.7  1.705E-5
-2.9  -0.6  2.3201E-5
-2.9  -0.55 3.055E-5
-2.9  -0.45 2.2331E-5
-2.9  -0.4  5.533E-5
-2.9  -0.35 1.5391E-5
-2.9  -0.3  2.2003E-5
-2.9  -0.25 1.2344E-4
-2.9  -0.2  8.3417E-5
-2.9  -0.15 2.333E-5
-2.9  -0.1  6.8777E-4
-2.9  -0.05 0.002
-2.9  0 0.0028
-2.9  0.05  0.002
-2.9  0.1 6.7821E-4
-2.9  0.15  3.0124E-5
-2.9  0.2 8.0569E-5
-2.9  0.25  1.1858E-4
-2.9  0.3 2.2314E-5
-2.9  0.35  1.3304E-5
-2.9  0.4 4.8359E-5
-2.9  0.45  1.7436E-5
-2.9  0.55  2.7256E-5
-2.9  0.6 1.8523E-5
-2.9  0.7 1.7232E-5
-2.9  0.75  2.1342E-5
-2.9  0.85  1.0502E-5
-2.9  0.9 2.4685E-5
-2.9  0.95  6.5052E-6
-2.9  1 6.4693E-6
-2.9  1.05  3.4171E-5
-2.9  1.1 2.1466E-5
-2.9  1.15  4.593E-6
-2.9  1.2 1.1169E-4
-2.9  1.25  2.9023E-4
-2.9  1.3 3.4106E-4
-2.9  1.35  2.1049E-4
-2.9  1.4 6.0834E-5
-2.9  1.5 4.1161E-6
-2.9  1.55  5.1773E-6
-2.9  2.55  7.1708E-6
-2.9  2.6 1.0115E-5
-2.9  2.65  7.3591E-6
-2.85 -1.55 6.9217E-6
-2.85 -1.5  5.1879E-6
-2.85 -1.4  7.3986E-5
-2.85 -1.35 2.6136E-4
-2.85 -1.3  4.1593E-4
-2.85 -1.25 3.5163E-4
-2.85 -1.2  1.3357E-4
-2.85 -1.15 4.9089E-6
-2.85 -1.1  2.5396E-5
-2.85 -1.05 3.9571E-5
-2.85 -1  7.1461E-6
-2.85 -0.95 7.2097E-6
-2.85 -0.9  2.5823E-5
-2.85 -0.85 1.0146E-5
-2.85 -0.75 2.5382E-5
-2.85 -0.7  1.9552E-5
-2.85 -0.6  2.1538E-5
-2.85 -0.55 2.8656E-5
-2.85 -0.45 2.1391E-5
-2.85 -0.4  5.3883E-5
-2.85 -0.35 1.4699E-5
-2.85 -0.3  2.3599E-5
-2.85 -0.25 1.2776E-4
-2.85 -0.2  8.335E-5
-2.85 -0.15 3.7439E-5
-2.85 -0.1  6.8113E-4
-2.85 -0.05 0.002
-2.85 0 0.0027
-2.85 0.05  0.002
-2.85 0.1 6.6029E-4
-2.85 0.15  3.0011E-5
-2.85 0.2 7.9502E-5
-2.85 0.25  1.1741E-4
-2.85 0.3 1.9776E-5
-2.85 0.35  1.4206E-5
-2.85 0.4 4.6829E-5
-2.85 0.45  1.7082E-5
-2.85 0.55  2.979E-5
-2.85 0.6 2.1513E-5
-2.85 0.7 1.565E-5
-2.85 0.75  1.9678E-5
-2.85 0.85  1.011E-5
-2.85 0.9 2.3483E-5
-2.85 0.95  6.3322E-6
-2.85 1 6.1961E-6
-2.85 1.05  3.4748E-5
-2.85 1.1 2.1407E-5
-2.85 1.15  5.7196E-6
-2.85 1.2 1.091E-4
-2.85 1.25  2.8728E-4
-2.85 1.3 3.3483E-4
-2.85 1.35  2.075E-4
-2.85 1.4 5.8645E-5
-2.85 1.5 3.8966E-6
-2.85 1.55  5.1915E-6
-2.85 2.55  7.09E-6
-2.85 2.6 9.9345E-6
-2.85 2.65  7.3556E-6
-2.8  -1.4  1.7116E-5
-2.8  -1.35 5.8513E-5
-2.8  -1.3  9.578E-5
-2.8  -1.25 8.1379E-5
-2.8  -1.2  3.0473E-5
-2.8  -1.1  5.7752E-6
-2.8  -1.05 8.8478E-6
-2.8  -0.9  5.7637E-6
-2.8  -0.75 7.772E-6
-2.8  -0.7  6.405E-6
-2.8  -0.55 6.2777E-6
-2.8  -0.45 4.2707E-6
-2.8  -0.4  1.1244E-5
-2.8  -0.3  5.7851E-6
-2.8  -0.25 2.8755E-5
-2.8  -0.2  1.8947E-5
-2.8  -0.15 5.4337E-6
-2.8  -0.1  1.5191E-4
-2.8  -0.05 4.5007E-4
-2.8  0 6.2711E-4
-2.8  0.05  4.6514E-4
-2.8  0.1 1.5228E-4
-2.8  0.15  7.6802E-6
-2.8  0.2 1.8265E-5
-2.8  0.25  2.5474E-5
-2.8  0.3 4.5985E-6
-2.8  0.4 1.03E-5
-2.8  0.55  9.664E-6
-2.8  0.6 7.5075E-6
-2.8  0.75  4.1782E-6
-2.8  0.9 5.1163E-6
-2.8  1.05  7.9047E-6
-2.8  1.1 4.8828E-6
-2.8  1.2 2.3699E-5
-2.8  1.25  6.4177E-5
-2.8  1.3 7.6335E-5
-2.8  1.35  4.8928E-5
-2.8  1.4 1.3415E-5
-2.75 -1.4  2.3215E-5
-2.75 -1.35 8.1273E-5
-2.75 -1.3  1.3892E-4
-2.75 -1.25 1.093E-4
-2.75 -1.2  3.8817E-5
-2.75 -1.1  9.5034E-6
-2.75 -1.05 1.2487E-5
-2.75 -0.9  8.6424E-6
-2.75 -0.85 4.3838E-6
-2.75 -0.6  9.6346E-6
-2.75 -0.55 9.98E-6
-2.75 -0.45 7.7721E-6
-2.75 -0.4  1.8455E-5
-2.75 -0.35 4.6129E-6
-2.75 -0.3  6.5644E-6
-2.75 -0.25 3.7367E-5
-2.75 -0.2  2.6709E-5
-2.75 -0.15 8.9884E-6
-2.75 -0.1  2.0313E-4
-2.75 -0.05 6.4761E-4
-2.75 0 8.413E-4
-2.75 0.05  6.0528E-4
-2.75 0.1 2.0211E-4
-2.75 0.15  6.259E-6
-2.75 0.2 2.8069E-5
-2.75 0.25  3.6203E-5
-2.75 0.3 7.5167E-6
-2.75 0.4 1.5669E-5
-2.75 0.45  7.8489E-6
-2.75 0.7 7.5726E-6
-2.75 0.75  6.7975E-6
-2.75 0.9 8.0026E-6
-2.75 1.05  1.0625E-5
-2.75 1.1 6.8728E-6
-2.75 1.2 3.2375E-5
-2.75 1.25  9.2907E-5
-2.75 1.3 1.0173E-4
-2.75 1.35  6.2321E-5
-2.75 1.4 1.7641E-5
-2.7  -2.55 3.1472E-5
-2.7  -2.5  9.4289E-6
-2.7  -1.7  4.186E-6
-2.7  -1.55 2.212E-5
-2.7  -1.5  1.6905E-5
-2.7  -1.45 7.8176E-6
-2.7  -1.4  2.5522E-4
-2.7  -1.35 8.6414E-4
-2.7  -1.3  0.0014
-2.7  -1.25 0.0012
-2.7  -1.2  4.4639E-4
-2.7  -1.15 2.489E-5
-2.7  -1.1  8.6229E-5
-2.7  -1.05 1.3836E-4
-2.7  -1  2.4708E-5
-2.7  -0.95 2.5351E-5
-2.7  -0.9  9.4132E-5
-2.7  -0.85 4.2135E-5
-2.7  -0.8  4.9385E-6
-2.7  -0.75 6.1177E-5
-2.7  -0.7  4.5279E-5
-2.7  -0.65 4.3255E-6
-2.7  -0.6  7.6895E-5
-2.7  -0.55 9.9655E-5
-2.7  -0.5  6.9869E-6
-2.7  -0.45 7.9677E-5
-2.7  -0.4  1.8371E-4
-2.7  -0.35 4.8993E-5
-2.7  -0.3  7.5627E-5
-2.7  -0.25 4.0796E-4
-2.7  -0.2  2.7482E-4
-2.7  -0.15 8.8736E-5
-2.7  -0.1  0.0023
-2.7  -0.05 0.0067
-2.7  0 0.0093
-2.7  0.05  0.0066
-2.7  0.1 0.0022
-2.7  0.15  1.0537E-4
-2.7  0.2 2.6901E-4
-2.7  0.25  3.9404E-4
-2.7  0.3 6.6958E-5
-2.7  0.35  4.3807E-5
-2.7  0.4 1.6591E-4
-2.7  0.45  7.2481E-5
-2.7  0.5 4.4614E-6
-2.7  0.55  6.8529E-5
-2.7  0.6 4.6163E-5
-2.7  0.7 5.7433E-5
-2.7  0.75  6.7182E-5
-2.7  0.8 5.3302E-6
-2.7  0.85  3.7592E-5
-2.7  0.9 8.0757E-5
-2.7  0.95  1.9737E-5
-2.7  1 2.248E-5
-2.7  1.05  1.1105E-4
-2.7  1.1 7.005E-5
-2.7  1.15  1.6551E-5
-2.7  1.2 3.5935E-4
-2.7  1.25  9.4235E-4
-2.7  1.3 0.0011
-2.7  1.35  6.7938E-4
-2.7  1.4 1.8721E-4
-2.7  1.45  7.4969E-6
-2.7  1.5 1.3704E-5
-2.7  1.55  1.7144E-5
-2.7  2.5 7.3941E-6
-2.7  2.55  2.3019E-5
-2.7  2.6 3.2321E-5
-2.7  2.65  2.3751E-5
-2.7  2.7 7.8829E-6
-2.65 -2.55 8.9129E-5
-2.65 -2.5  2.7858E-5
-2.65 -2.35 4.2502E-6
-2.65 -1.7  1.1736E-5
-2.65 -1.6  1.054E-5
-2.65 -1.55 6.5438E-5
-2.65 -1.5  4.8845E-5
-2.65 -1.45 3.3967E-5
-2.65 -1.4  6.9898E-4
-2.65 -1.35 0.0024
-2.65 -1.3  0.0039
-2.65 -1.25 0.0033
-2.65 -1.2  0.0013
-2.65 -1.15 4.5979E-5
-2.65 -1.1  2.4066E-4
-2.65 -1.05 3.8342E-4
-2.65 -1  6.8929E-5
-2.65 -0.95 7.0759E-5
-2.65 -0.9  2.5721E-4
-2.65 -0.85 1.1255E-4
-2.65 -0.8  1.3375E-5
-2.65 -0.75 1.8833E-4
-2.65 -0.7  1.4375E-4
-2.65 -0.65 4.5758E-6
-2.65 -0.6  2.0652E-4
-2.65 -0.55 2.6263E-4
-2.65 -0.5  2.2683E-5
-2.65 -0.45 2.0504E-4
-2.65 -0.4  5.0185E-4
-2.65 -0.35 1.3645E-4
-2.65 -0.3  2.1365E-4
-2.65 -0.25 0.0012
-2.65 -0.2  7.4786E-4
-2.65 -0.15 3.111E-4
-2.65 -0.1  0.0062
-2.65 -0.05 0.0186
-2.65 0 0.0254
-2.65 0.05  0.0186
-2.65 0.1 0.0061
-2.65 0.15  3.1023E-4
-2.65 0.2 7.3255E-4
-2.65 0.25  0.0011
-2.65 0.3 1.9201E-4
-2.65 0.35  1.3031E-4
-2.65 0.4 4.5827E-4
-2.65 0.45  1.9118E-4
-2.65 0.5 1.6143E-5
-2.65 0.55  2.0618E-4
-2.65 0.6 1.496E-4
-2.65 0.7 1.4828E-4
-2.65 0.75  1.7669E-4
-2.65 0.8 1.3758E-5
-2.65 0.85  9.6792E-5
-2.65 0.9 2.1389E-4
-2.65 0.95  5.6572E-5
-2.65 1 5.6638E-5
-2.65 1.05  3.1113E-4
-2.65 1.1 1.8831E-4
-2.65 1.15  4.4655E-5
-2.65 1.2 9.9153E-4
-2.65 1.25  0.0026
-2.65 1.3 0.003
-2.65 1.35  0.0019
-2.65 1.4 5.3062E-4
-2.65 1.45  2.7179E-5
-2.65 1.5 3.6469E-5
-2.65 1.55  4.8568E-5
-2.65 1.6 7.2913E-6
-2.65 1.7 8.3463E-6
-2.65 2.5 1.9117E-5
-2.65 2.55  6.2316E-5
-2.65 2.6 8.855E-5
-2.65 2.65  6.5629E-5
-2.65 2.7 2.1821E-5
-2.6  -2.55 1.4073E-4
-2.6  -2.5  4.3757E-5
-2.6  -2.4  6.22E-6
-2.6  -2.35 7.261E-6
-2.6  -1.75 6.1296E-6
-2.6  -1.7  1.8725E-5
-2.6  -1.65 5.8984E-6
-2.6  -1.6  1.7504E-5
-2.6  -1.55 1.0924E-4
-2.6  -1.5  8.3587E-5
-2.6  -1.45 3.9981E-5
-2.6  -1.4  0.0012
-2.6  -1.35 0.0041
-2.6  -1.3  0.0065
-2.6  -1.25 0.0055
-2.6  -1.2  0.0021
-2.6  -1.15 9.1401E-5
-2.6  -1.1  3.9025E-4
-2.6  -1.05 6.2463E-4
-2.6  -1  1.1665E-4
-2.6  -0.95 1.0945E-4
-2.6  -0.9  4.2692E-4
-2.6  -0.85 1.8248E-4
-2.6  -0.8  2.9223E-5
-2.6  -0.75 3.2542E-4
-2.6  -0.7  2.525E-4
-2.6  -0.65 1.6691E-5
-2.6  -0.6  3.2037E-4
-2.6  -0.55 4.342E-4
-2.6  -0.5  3.6674E-5
-2.6  -0.45 3.4013E-4
-2.6  -0.4  8.1825E-4
-2.6  -0.35 2.0912E-4
-2.6  -0.3  3.6344E-4
-2.6  -0.25 0.0019
-2.6  -0.2  0.0013
-2.6  -0.15 4.3423E-4
-2.6  -0.1  0.0102
-2.6  -0.05 0.0304
-2.6  0 0.0416
-2.6  0.05  0.0301
-2.6  0.1 0.0102
-2.6  0.15  4.3825E-4
-2.6  0.2 0.0012
-2.6  0.25  0.0018
-2.6  0.3 3.4676E-4
-2.6  0.35  1.9662E-4
-2.6  0.4 7.5178E-4
-2.6  0.45  3.0786E-4
-2.6  0.5 2.7953E-5
-2.6  0.55  3.6611E-4
-2.6  0.6 2.6171E-4
-2.6  0.65  1.4329E-5
-2.6  0.7 2.3167E-4
-2.6  0.75  2.8469E-4
-2.6  0.8 2.7077E-5
-2.6  0.85  1.5468E-4
-2.6  0.9 3.5405E-4
-2.6  0.95  8.7872E-5
-2.6  1 1.0244E-4
-2.6  1.05  5.1103E-4
-2.6  1.1 3.1444E-4
-2.6  1.15  7.301E-5
-2.6  1.2 0.0016
-2.6  1.25  0.0042
-2.6  1.3 0.0049
-2.6  1.35  0.0031
-2.6  1.4 8.853E-4
-2.6  1.45  2.9641E-5
-2.6  1.5 5.962E-5
-2.6  1.55  7.6866E-5
-2.6  1.6 1.2662E-5
-2.6  1.65  4.2328E-6
-2.6  1.7 1.3387E-5
-2.6  1.75  4.3293E-6
-2.6  2.35  4.998E-6
-2.6  2.4 4.2775E-6
-2.6  2.5 3.1368E-5
-2.6  2.55  1.0147E-4
-2.6  2.6 1.4285E-4
-2.6  2.65  1.0476E-4
-2.6  2.7 3.5421E-5
-2.6  2.85  4.4651E-6
-2.55 -2.55 1.5548E-4
-2.55 -2.5  4.7796E-5
-2.55 -2.4  6.7155E-6
-2.55 -2.35 7.8693E-6
-2.55 -1.75 6.6345E-6
-2.55 -1.7  2.1067E-5
-2.55 -1.65 6.62E-6
-2.55 -1.6  1.9678E-5
-2.55 -1.55 1.2509E-4
-2.55 -1.5  9.4011E-5
-2.55 -1.45 6.7002E-5
-2.55 -1.4  0.0013
-2.55 -1.35 0.0048
-2.55 -1.3  0.0076
-2.55 -1.25 0.0064
-2.55 -1.2  0.0024
-2.55 -1.15 1.0362E-4
-2.55 -1.1  4.5079E-4
-2.55 -1.05 7.2172E-4
-2.55 -1  1.268E-4
-2.55 -0.95 1.2964E-4
-2.55 -0.9  4.7412E-4
-2.55 -0.85 2.0923E-4
-2.55 -0.8  2.8065E-5
-2.55 -0.75 3.7283E-4
-2.55 -0.7  2.9849E-4
-2.55 -0.6  3.4962E-4
-2.55 -0.55 4.6345E-4
-2.55 -0.5  3.9603E-5
-2.55 -0.45 3.871E-4
-2.55 -0.4  9.2526E-4
-2.55 -0.35 2.5067E-4
-2.55 -0.3  4.0398E-4
-2.55 -0.25 0.0022
-2.55 -0.2  0.0014
-2.55 -0.15 5.0876E-4
-2.55 -0.1  0.0115
-2.55 -0.05 0.0347
-2.55 0 0.0469
-2.55 0.05  0.0341
-2.55 0.1 0.0112
-2.55 0.15  5.4325E-4
-2.55 0.2 0.0013
-2.55 0.25  0.002
-2.55 0.3 3.6086E-4
-2.55 0.35  2.3483E-4
-2.55 0.4 8.4259E-4
-2.55 0.45  3.4647E-4
-2.55 0.5 3.2725E-5
-2.55 0.55  4.1464E-4
-2.55 0.6 3.1311E-4
-2.55 0.65  5.2331E-6
-2.55 0.7 2.4745E-4
-2.55 0.75  3.0823E-4
-2.55 0.8 2.1782E-5
-2.55 0.85  1.7871E-4
-2.55 0.9 3.9227E-4
-2.55 0.95  1.0231E-4
-2.55 1 1.07E-4
-2.55 1.05  5.8558E-4
-2.55 1.1 3.5717E-4
-2.55 1.15  7.2746E-5
-2.55 1.2 0.0018
-2.55 1.25  0.0048
-2.55 1.3 0.0056
-2.55 1.35  0.0034
-2.55 1.4 9.77E-4
-2.55 1.45  4.5696E-5
-2.55 1.5 6.6688E-5
-2.55 1.55  8.8085E-5
-2.55 1.6 1.4032E-5
-2.55 1.65  4.912E-6
-2.55 1.7 1.524E-5
-2.55 1.75  4.797E-6
-2.55 2.35  5.6415E-6
-2.55 2.4 4.8593E-6
-2.55 2.5 3.5297E-5
-2.55 2.55  1.1434E-4
-2.55 2.6 1.6141E-4
-2.55 2.65  1.1887E-4
-2.55 2.7 4.0307E-5
-2.55 2.85  5.0685E-6
-2.5  -2.6  1.9334E-4
-2.5  -2.55 1.3922E-4
-2.5  -2.5  4.352E-5
-2.5  -2.4  5.7541E-6
-2.5  -2.35 6.549E-6
-2.5  -1.75 5.8235E-6
-2.5  -1.7  1.7386E-5
-2.5  -1.65 5.1932E-6
-2.5  -1.6  1.6077E-5
-2.5  -1.55 9.9622E-5
-2.5  -1.5  7.6887E-5
-2.5  -1.45 3.7997E-5
-2.5  -1.4  0.0011
-2.5  -1.35 0.0038
-2.5  -1.3  0.0062
-2.5  -1.25 0.0053
-2.5  -1.2  0.002
-2.5  -1.15 8.8108E-5
-2.5  -1.1  3.8506E-4
-2.5  -1.05 6.0488E-4
-2.5  -1  1.1775E-4
-2.5  -0.95 1.0619E-4
-2.5  -0.9  4.0849E-4
-2.5  -0.85 1.7408E-4
-2.5  -0.8  2.9286E-5
-2.5  -0.75 3.2019E-4
-2.5  -0.7  2.5699E-4
-2.5  -0.65 1.0361E-5
-2.5  -0.6  2.671E-4
-2.5  -0.55 3.734E-4
-2.5  -0.5  3.065E-5
-2.5  -0.45 3.2002E-4
-2.5  -0.4  7.559E-4
-2.5  -0.35 1.8956E-4
-2.5  -0.3  3.5565E-4
-2.5  -0.25 0.0018
-2.5  -0.2  0.0012
-2.5  -0.15 3.9131E-4
-2.5  -0.1  0.0097
-2.5  -0.05 0.0286
-2.5  0 0.0392
-2.5  0.05  0.0281
-2.5  0.1 0.0094
-2.5  0.15  3.5593E-4
-2.5  0.2 0.0011
-2.5  0.25  0.0017
-2.5  0.3 3.0985E-4
-2.5  0.35  1.8351E-4
-2.5  0.4 6.9323E-4
-2.5  0.45  2.857E-4
-2.5  0.5 2.6765E-5
-2.5  0.55  3.5326E-4
-2.5  0.6 2.661E-4
-2.5  0.65  9.9918E-6
-2.5  0.7 1.8833E-4
-2.5  0.75  2.4115E-4
-2.5  0.8 2.2357E-5
-2.5  0.85  1.4444E-4
-2.5  0.9 3.2571E-4
-2.5  0.95  7.9625E-5
-2.5  1 9.8998E-5
-2.5  1.05  4.7848E-4
-2.5  1.1 2.9376E-4
-2.5  1.15  7.6994E-5
-2.5  1.2 0.0015
-2.5  1.25  0.0039
-2.5  1.3 0.0046
-2.5  1.35  0.0028
-2.5  1.4 8.0652E-4
-2.5  1.45  2.5138E-5
-2.5  1.5 5.5663E-5
-2.5  1.55  7.0641E-5
-2.5  1.6 1.1213E-5
-2.5  1.65  4.016E-6
-2.5  1.7 1.2359E-5
-2.5  1.75  4.0045E-6
-2.5  2.35  4.617E-6
-2.5  2.4 3.9446E-6
-2.5  2.5 2.842E-5
-2.5  2.55  9.34E-5
-2.5  2.6 1.3105E-4
-2.5  2.65  9.6854E-5
-2.5  2.7 3.2635E-5
-2.5  2.85  4.1342E-6
-2.45 -2.6  9.9771E-5
-2.45 -2.55 7.2364E-5
-2.45 -2.5  2.2204E-5
-2.45 -2.35 3.9044E-6
-2.45 -1.7  1.0299E-5
-2.45 -1.6  1.0107E-5
-2.45 -1.55 5.9616E-5
-2.45 -1.5  4.3294E-5
-2.45 -1.45 2.5558E-5
-2.45 -1.4  6.3009E-4
-2.45 -1.35 0.0022
-2.45 -1.3  0.0035
-2.45 -1.25 0.003
-2.45 -1.2  0.0011
-2.45 -1.15 5.0563E-5
-2.45 -1.1  2.2036E-4
-2.45 -1.05 3.52E-4
-2.45 -1  6.2502E-5
-2.45 -0.95 6.6153E-5
-2.45 -0.9  2.3365E-4
-2.45 -0.85 1.0199E-4
-2.45 -0.8  1.5434E-5
-2.45 -0.75 1.8997E-4
-2.45 -0.7  1.5594E-4
-2.45 -0.6  1.4674E-4
-2.45 -0.55 2.0483E-4
-2.45 -0.5  1.5787E-5
-2.45 -0.45 1.8449E-4
-2.45 -0.4  4.246E-4
-2.45 -0.35 1.1213E-4
-2.45 -0.3  1.8289E-4
-2.45 -0.25 0.001
-2.45 -0.2  6.578E-4
-2.45 -0.15 2.8483E-4
-2.45 -0.1  0.0054
-2.45 -0.05 0.0162
-2.45 0 0.0222
-2.45 0.05  0.0161
-2.45 0.1 0.0053
-2.45 0.15  2.5709E-4
-2.45 0.2 6.3733E-4
-2.45 0.25  9.8303E-4
-2.45 0.3 1.7371E-4
-2.45 0.35  1.1602E-4
-2.45 0.4 4.0129E-4
-2.45 0.45  1.6317E-4
-2.45 0.5 1.717E-5
-2.45 0.55  2.0384E-4
-2.45 0.6 1.5961E-4
-2.45 0.7 9.7424E-5
-2.45 0.75  1.3174E-4
-2.45 0.8 8.9914E-6
-2.45 0.85  8.4009E-5
-2.45 0.9 1.7858E-4
-2.45 0.95  4.6769E-5
-2.45 1 5.0691E-5
-2.45 1.05  2.6821E-4
-2.45 1.1 1.626E-4
-2.45 1.15  3.115E-5
-2.45 1.2 8.384E-4
-2.45 1.25  0.0022
-2.45 1.3 0.0026
-2.45 1.35  0.0016
-2.45 1.4 4.5805E-4
-2.45 1.45  2.1493E-5
-2.45 1.5 3.1525E-5
-2.45 1.55  4.1407E-5
-2.45 1.6 6.6163E-6
-2.45 1.7 7.2285E-6
-2.45 2.5 1.5893E-5
-2.45 2.55  5.1711E-5
-2.45 2.6 7.3911E-5
-2.45 2.65  5.455E-5
-2.45 2.7 1.8492E-5
-2.4  -2.6  3.3341E-5
-2.4  -2.55 2.4296E-5
-2.4  -2.5  7.7004E-6
-2.4  -1.55 2.0299E-5
-2.4  -1.5  1.6084E-5
-2.4  -1.45 8.0071E-6
-2.4  -1.4  2.2113E-4
-2.4  -1.35 7.6742E-4
-2.4  -1.3  0.0012
-2.4  -1.25 0.001
-2.4  -1.2  3.8954E-4
-2.4  -1.15 1.603E-5
-2.4  -1.1  7.5368E-5
-2.4  -1.05 1.1935E-4
-2.4  -1  2.3724E-5
-2.4  -0.95 2.0363E-5
-2.4  -0.9  8.1758E-5
-2.4  -0.85 3.5383E-5
-2.4  -0.8  6.2267E-6
-2.4  -0.75 6.9416E-5
-2.4  -0.7  5.8294E-5
-2.4  -0.6  4.5541E-5
-2.4  -0.55 6.6973E-5
-2.4  -0.5  6.8437E-6
-2.4  -0.45 6.5554E-5
-2.4  -0.4  1.5366E-4
-2.4  -0.35 3.7815E-5
-2.4  -0.3  6.6223E-5
-2.4  -0.25 3.4386E-4
-2.4  -0.2  2.2961E-4
-2.4  -0.15 8.6995E-5
-2.4  -0.1  0.0018
-2.4  -0.05 0.0055
-2.4  0 0.0075
-2.4  0.05  0.0054
-2.4  0.1 0.0018
-2.4  0.15  6.3772E-5
-2.4  0.2 2.2874E-4
-2.4  0.25  3.3263E-4
-2.4  0.3 6.3171E-5
-2.4  0.35  3.7396E-5
-2.4  0.4 1.3952E-4
-2.4  0.45  5.8039E-5
-2.4  0.5 5.7693E-6
-2.4  0.55  7.5555E-5
-2.4  0.6 5.9337E-5
-2.4  0.7 3.0155E-5
-2.4  0.75  4.1851E-5
-2.4  0.8 4.4737E-6
-2.4  0.85  2.9338E-5
-2.4  0.9 6.3825E-5
-2.4  0.95  1.5387E-5
-2.4  1 1.7708E-5
-2.4  1.05  9.0397E-5
-2.4  1.1 5.4291E-5
-2.4  1.15  1.4992E-5
-2.4  1.2 2.831E-4
-2.4  1.25  7.5059E-4
-2.4  1.3 8.7372E-4
-2.4  1.35  5.4823E-4
-2.4  1.4 1.5357E-4
-2.4  1.45  4.8105E-6
-2.4  1.5 1.1045E-5
-2.4  1.55  1.4053E-5
-2.4  2.5 5.3407E-6
-2.4  2.55  1.7559E-5
-2.4  2.6 2.4622E-5
-2.4  2.65  1.828E-5
-2.4  2.7 6.0717E-6
-2.35 -2.6  3.9913E-6
-2.35 -1.4  2.1804E-5
-2.35 -1.35 8.2262E-5
-2.35 -1.3  1.3102E-4
-2.35 -1.25 1.0265E-4
-2.35 -1.2  3.8674E-5
-2.35 -1.1  7.245E-6
-2.35 -1.05 1.1857E-5
-2.35 -0.9  8.338E-6
-2.35 -0.75 7.9121E-6
-2.35 -0.7  6.9558E-6
-2.35 -0.55 5.2114E-6
-2.35 -0.45 8.7074E-6
-2.35 -0.4  1.7474E-5
-2.35 -0.35 5.1527E-6
-2.35 -0.3  5.1489E-6
-2.35 -0.25 3.3899E-5
-2.35 -0.2  1.8868E-5
-2.35 -0.15 7.6796E-6
-2.35 -0.1  1.8867E-4
-2.35 -0.05 5.7484E-4
-2.35 0 7.429E-4
-2.35 0.05  5.2214E-4
-2.35 0.1 1.8269E-4
-2.35 0.15  1.2011E-5
-2.35 0.2 2.3774E-5
-2.35 0.25  3.2305E-5
-2.35 0.3 4.857E-6
-2.35 0.4 1.4309E-5
-2.35 0.45  5.301E-6
-2.35 0.55  8.8011E-6
-2.35 0.6 7.6661E-6
-2.35 0.85  3.8992E-6
-2.35 0.9 7.408E-6
-2.35 1.05  8.6376E-6
-2.35 1.1 5.8444E-6
-2.35 1.2 2.8691E-5
-2.35 1.25  7.6879E-5
-2.35 1.3 9.0269E-5
-2.35 1.35  5.1872E-5
-2.35 1.4 1.6383E-5
-2.3  -1.4  8.1E-6
-2.3  -1.35 3.2704E-5
-2.3  -1.3  5.0463E-5
-2.3  -1.25 4.15E-5
-2.3  -1.2  1.6966E-5
-2.3  -1.05 4.9516E-6
-2.3  -0.4  5.6833E-6
-2.3  -0.25 1.6729E-5
-2.3  -0.2  1.1691E-5
-2.3  -0.1  6.5555E-5
-2.3  -0.05 2.1825E-4
-2.3  0 2.9106E-4
-2.3  0.05  2.0693E-4
-2.3  0.1 7.3519E-5
-2.3  0.2 8.9653E-6
-2.3  0.25  1.268E-5
-2.3  0.4 5.296E-6
-2.3  1.05  4.1349E-6
-2.3  1.2 1.1584E-5
-2.3  1.25  2.775E-5
-2.3  1.3 3.2888E-5
-2.3  1.35  1.9552E-5
-2.3  1.4 5.3695E-6
-2.25 -1.55 4.5148E-6
-2.25 -1.4  4.1092E-5
-2.25 -1.35 1.5016E-4
-2.25 -1.3  2.4188E-4
-2.25 -1.25 2.0537E-4
-2.25 -1.2  7.7068E-5
-2.25 -1.1  1.6291E-5
-2.25 -1.05 2.5793E-5
-2.25 -1  4.5721E-6
-2.25 -0.95 4.5938E-6
-2.25 -0.9  1.7229E-5
-2.25 -0.85 7.8277E-6
-2.25 -0.75 1.2452E-5
-2.25 -0.7  1.0606E-5
-2.25 -0.6  9.3315E-6
-2.25 -0.55 1.316E-5
-2.25 -0.45 1.2039E-5
-2.25 -0.4  2.7943E-5
-2.25 -0.35 7.331E-6
-2.25 -0.3  1.2679E-5
-2.25 -0.25 7.1874E-5
-2.25 -0.2  4.9359E-5
-2.25 -0.15 1.1972E-5
-2.25 -0.1  3.3325E-4
-2.25 -0.05 0.001
-2.25 0 0.0014
-2.25 0.05  0.001
-2.25 0.1 3.4129E-4
-2.25 0.15  1.6643E-5
-2.25 0.2 4.515E-5
-2.25 0.25  6.6523E-5
-2.25 0.3 1.1329E-5
-2.25 0.35  7.3891E-6
-2.25 0.4 2.7456E-5
-2.25 0.45  1.1734E-5
-2.25 0.55  1.2493E-5
-2.25 0.6 1.0128E-5
-2.25 0.7 6.179E-6
-2.25 0.75  8.3348E-6
-2.25 0.85  5.2453E-6
-2.25 0.9 1.1451E-5
-2.25 1.05  1.834E-5
-2.25 1.1 1.1853E-5
-2.25 1.2 5.0356E-5
-2.25 1.25  1.3641E-4
-2.25 1.3 1.6177E-4
-2.25 1.35  9.9801E-5
-2.25 1.4 2.859E-5
-2.25 2.6 4.4703E-6
-2.2  -2.55 5.514E-6
-2.2  -1.55 4.1607E-6
-2.2  -1.4  4.0336E-5
-2.2  -1.35 1.4657E-4
-2.2  -1.3  2.3781E-4
-2.2  -1.25 1.9668E-4
-2.2  -1.2  7.4299E-5
-2.2  -1.1  1.6035E-5
-2.2  -1.05 2.4343E-5
-2.2  -1  4.7381E-6
-2.2  -0.95 4.4642E-6
-2.2  -0.9  1.7348E-5
-2.2  -0.85 8.0748E-6
-2.2  -0.75 1.371E-5
-2.2  -0.7  1.2159E-5
-2.2  -0.6  7.6335E-6
-2.2  -0.55 1.1565E-5
-2.2  -0.45 1.3267E-5
-2.2  -0.4  2.9976E-5
-2.2  -0.35 8.0119E-6
-2.2  -0.3  1.2712E-5
-2.2  -0.25 6.624E-5
-2.2  -0.2  4.7732E-5
-2.2  -0.15 1.1306E-5
-2.2  -0.1  3.0644E-4
-2.2  -0.05 9.6782E-4
-2.2  0 0.0013
-2.2  0.05  9.6124E-4
-2.2  0.1 3.1999E-4
-2.2  0.15  8.6246E-6
-2.2  0.2 4.4913E-5
-2.2  0.25  6.28E-5
-2.2  0.3 1.14E-5
-2.2  0.35  7.2949E-6
-2.2  0.4 2.7161E-5
-2.2  0.45  1.1685E-5
-2.2  0.55  1.3489E-5
-2.2  0.6 1.1524E-5
-2.2  0.7 4.7811E-6
-2.2  0.75  6.748E-6
-2.2  0.85  5.5335E-6
-2.2  0.9 1.187E-5
-2.2  1.05  1.68E-5
-2.2  1.1 1.1095E-5
-2.2  1.2 4.7159E-5
-2.2  1.25  1.276E-4
-2.2  1.3 1.5037E-4
-2.2  1.35  9.3929E-5
-2.2  1.4 2.5985E-5
-2.2  2.6 4.0963E-6
-2.15 -1.4  1.2479E-5
-2.15 -1.35 4.7399E-5
-2.15 -1.3  7.9392E-5
-2.15 -1.25 6.9592E-5
-2.15 -1.2  2.5414E-5
-2.15 -1.1  5.6639E-6
-2.15 -1.05 8.7897E-6
-2.15 -0.9  6.2368E-6
-2.15 -0.75 5.1827E-6
-2.15 -0.7  5.274E-6
-2.15 -0.45 5.8098E-6
-2.15 -0.4  1.2153E-5
-2.15 -0.35 3.8856E-6
-2.15 -0.25 2.1819E-5
-2.15 -0.2  1.6515E-5
-2.15 -0.1  9.8807E-5
-2.15 -0.05 3.1247E-4
-2.15 0 4.3983E-4
-2.15 0.05  3.1792E-4
-2.15 0.1 1.0152E-4
-2.15 0.15  4.3195E-6
-2.15 0.2 1.5247E-5
-2.15 0.25  2.2116E-5
-2.15 0.4 9.955E-6
-2.15 0.45  4.3269E-6
-2.15 0.55  5.355E-6
-2.15 0.6 5.0677E-6
-2.15 0.9 4.7293E-6
-2.15 1.05  5.2375E-6
-2.15 1.1 3.9088E-6
-2.15 1.2 1.3988E-5
-2.15 1.25  4.0166E-5
-2.15 1.3 4.8997E-5
-2.15 1.35  2.9971E-5
-2.15 1.4 8.8264E-6
-2.1  -0.05 4.7308E-6
-2.1  0 9.9366E-6
-2.1  0.05  9.1551E-6
-2.05 -1.35 9.0244E-6
-2.05 -1.3  4.2835E-5
-2.05 -1.25 7.2907E-5
-2.05 -1.2  2.798E-5
-2.05 -1.05 4.095E-6
-2.05 -0.25 1.176E-5
-2.05 -0.2  6.9217E-6
-2.05 -0.1  5.7392E-5
-2.05 -0.05 1.6303E-4
-2.05 0 2.1854E-4
-2.05 0.05  1.5843E-4
-2.05 0.1 5.1967E-5
-2.05 0.2 5.8212E-6
-2.05 0.25  9.2917E-6
-2.05 1.2 8.378E-6
-2.05 1.25  2.0917E-5
-2.05 1.3 2.392E-5
-2.05 1.35  1.4526E-5
-2.05 1.4 4.1482E-6
-2  -1.4  5.0836E-6
-2  -1.35 9.8914E-5
-2  -1.3  1.247E-4
-2  -1.25 2.0297E-5
-2  -1.2  4.8418E-6
-2  -1.05 6.4348E-6
-2  -1  4.8895E-6
-2  -0.9  7.101E-6
-2  -0.4  7.3278E-6
-2  -0.3  4.8475E-6
-2  -0.25 2.0629E-5
-2  -0.2  1.2966E-5
-2  -0.15 4.6311E-6
-2  -0.1  9.596E-5
-2  -0.05 2.8499E-4
-2  0 3.8632E-4
-2  0.05  2.8041E-4
-2  0.1 9.2121E-5
-2  0.2 1.2747E-5
-2  0.25  1.8531E-5
-2  0.4 6.9808E-6
-2  1.05  5.056E-6
-2  1.2 1.3725E-5
-2  1.25  3.625E-5
-2  1.3 4.2059E-5
-2  1.35  2.6074E-5
-2  1.4 7.2466E-6
-1.95 -1.4  8.9099E-5
-1.95 -1.35 7.8951E-5
-1.95 -1.3  2.3701E-5
-1.95 -1.25 1.0451E-5
-1.95 -1.1  4.0116E-6
-1.95 -0.75 5.9119E-6
-1.95 -0.7  8.5075E-6
-1.95 -0.4  5.6057E-6
-1.95 -0.25 1.2168E-5
-1.95 -0.2  8.6113E-6
-1.95 -0.1  5.4347E-5
-1.95 -0.05 1.6102E-4
-1.95 0 2.1484E-4
-1.95 0.05  1.5332E-4
-1.95 0.1 4.7116E-5
-1.95 0.2 8.17E-6
-1.95 0.25  1.1056E-5
-1.95 0.4 4.4451E-6
-1.95 1.2 7.2423E-6
-1.95 1.25  1.9752E-5
-1.95 1.3 2.3092E-5
-1.95 1.35  1.4094E-5
-1.95 1.4 3.9685E-6
-1.9  -1.25 3.8491E-6
-1.9  -1.2  1.2842E-5
-1.9  -0.1  4.5621E-6
-1.9  -0.05 1.6043E-5
-1.9  0 1.9918E-5
-1.9  0.05  1.298E-5
-1.85 -0.25 4.0967E-6
-1.85 -0.2  4.3126E-6
-1.85 -0.1  1.1053E-5
-1.85 -0.05 2.9549E-5
-1.85 0 4.2474E-5
-1.85 0.05  3.5579E-5
-1.85 0.1 1.5516E-5
-1.85 1.25  4.8719E-6
-1.85 1.3 5.5505E-6
-1.8  -0.1  9.6163E-6
-1.8  -0.05 4.717E-5
-1.8  0 1.9064E-4
-1.8  0.05  2.1637E-4
-1.8  0.1 6.0898E-5
-1.8  0.25  6.9175E-6
-1.8  1.2 5.412E-6
-1.8  1.25  1.3781E-5
-1.8  1.3 1.6317E-5
-1.8  1.35  1.0732E-5
-1.75 -0.15 5.4396E-6
-1.75 -0.1  7.6104E-5
-1.75 -0.05 3.9254E-5
-1.75 0 2.9801E-5
-1.75 0.05  1.6711E-5
-1.75 0.1 6.343E-6
-1.75 0.25  1.1922E-5
-1.75 0.3 1.1241E-5
-1.75 1.2 3.9402E-6
-1.75 1.25  9.9074E-6
-1.75 1.3 1.1986E-5
-1.75 1.35  8.0698E-6
-1.7  -0.4  4.3674E-6
-1.7  -0.35 1.3349E-5
-1.7  -0.05 5.8582E-6
-1.7  0 1.3211E-5
-1.7  0.05  4.128E-5
-1.7  0.1 4.9045E-5
-1.65 -0.2  4.9925E-6
-1.65 -0.15 5.3886E-6
-1.65 -0.1  2.6243E-4
-1.65 -0.05 1.6509E-4
-1.65 0 4.1853E-5
-1.65 0.05  1.2431E-5
-1.65 0.35  8.4861E-6
-1.65 0.4 3.9429E-6
-1.65 0.75  7.2874E-6
-1.65 0.8 7.3152E-6
-1.65 1.2 5.5595E-6
-1.65 1.25  1.3498E-5
-1.65 1.3 1.3343E-5
-1.65 1.35  6.4319E-6
-1.6  -0.1  8.1688E-6
-1.6  -0.05 4.3038E-5
-1.6  0 1.2094E-4
-1.6  0.05  2.7363E-4
-1.6  0.1 3.9265E-4
-1.6  0.15  6.955E-6
-1.6  0.2 4.2972E-6
-1.6  0.55  2.3034E-5
-1.6  0.6 2.0226E-5
-1.6  0.65  6.1652E-6
-1.6  0.7 4.3796E-6
-1.6  1.05  8.6961E-6
-1.6  1.25  2.0738E-5
-1.6  1.3 4.016E-5
-1.6  1.35  2.7321E-5
-1.6  1.4 5.415E-6
-1.55 -0.05 1.1745E-5
-1.55 0 1.9026E-5
-1.55 0.05  1.5887E-5
-1.55 0.1 5.724E-6
-1.55 0.25  8.673E-6
-1.55 0.35  1.8713E-5
-1.55 0.75  1.0261E-5
-1.55 0.8 1.9128E-5
-1.55 0.85  1.9022E-5
-1.55 0.9 6.1845E-6
-1.55 1.2 5.7815E-6
-1.55 1.25  7.2374E-5
-1.55 1.3 1.1648E-4
-1.55 1.35  1.6355E-5
-1.5  -0.05 4.2609E-6
-1.5  0 6.3593E-6
-1.5  0.05  4.9541E-6
-1.5  0.55  1.9191E-5
-1.5  1.05  1.7858E-5
-1.5  1.1 7.8412E-6
-1.5  1.25  4.4153E-6
-1.5  1.3 4.3823E-6
-1.45 0.7 5.0182E-6
-1.45 0.75  1.8173E-5
-1.45 1.25  2.2898E-5
-1.45 1.3 4.7415E-5
-1.45 1.35  7.9416E-6
-1.3  1.35  6.4637E-6
-1.1  -0.1  6.7977E-6
-1.1  -0.05 5.2502E-4
-1.1  0 0.002
-1.1  0.05  1.3507E-4
-1.1  0.1 3.4104E-5
-1.1  0.5 8.6322E-6
-1.1  0.55  1.4328E-5
-1.1  0.6 5.7862E-6
-1.05 -0.25 1.6082E-4
-1.05 -0.2  6.2449E-6
-1.05 0.85  6.6013E-6
-1.05 0.9 1.8131E-5
-1  1.1 6.7543E-6
1 -0.55 1.6263E-5
1 -0.5  5.5401E-5
1 -0.45 4.8485E-4
1 -0.4  3.2499E-5
1 -0.35 1.4043E-5
1 -0.25 1.2241E-5
1 -0.1  5.2242E-5
1 -0.05 1.5403E-4
1 0 2.0506E-4
1 0.05  1.4744E-4
1 0.1 4.8306E-5
1.05  -0.5  1.7574E-5
1.05  -0.4  2.6167E-5
1.05  -0.35 0.0121
1.05  -0.3  4.3324E-5
1.05  -0.25 3.0055E-5
1.05  -0.2  1.6621E-5
1.05  -0.1  7.4263E-5
1.05  -0.05 2.0717E-4
1.05  0 2.6883E-4
1.05  0.05  1.8739E-4
1.05  0.1 6.1684E-5
1.1 -0.3  2.8207E-5
1.1 -0.25 0.0014
1.1 -0.2  1.0886E-4
1.1 -0.1  1.0964E-4
1.1 -0.05 2.627E-4
1.1 0 3.055E-4
1.1 0.05  2.0025E-4
1.1 0.1 6.1063E-5
1.15  -0.15 8.101E-5
1.15  -0.1  0.0109
1.15  -0.05 6.8584E-4
1.15  0 4.4305E-4
1.15  0.05  2.218E-4
1.15  0.1 5.7674E-5
1.2 -0.05 4.623E-5
1.2 0 6.8919E-4
1.2 0.05  0.0021
1.2 0.1 1.65E-4
1.25  -0.05 1.6657E-5
1.25  0 3.0327E-5
1.25  0.05  3.7595E-5
1.25  0.1 2.8651E-5
1.25  0.2 1.0418E-4
1.25  0.25  5.23E-4
1.25  0.3 3.1111E-5
1.3 -0.05 1.4124E-5
1.3 0 2.2224E-5
1.3 0.05  2.0936E-5
1.3 0.5 2.1915E-4
1.3 0.55  3.3628E-4
1.3 0.6 1.4432E-4
1.3 0.65  1.4903E-5
1.3 0.75  1.2385E-5
1.35  0 1.3348E-5
1.35  0.7 1.5581E-5
1.35  0.75  3.8085E-5
1.35  0.8 3.7824E-5
1.35  0.85  1.2916E-5
1.35  0.9 2.753E-5
1.35  0.95  2.1722E-5
1.35  1.2 1.4374E-5
1.35  1.25  2.1028E-5
1.35  1.3 1.6201E-5
1.4 -1.35 1.5732E-5
1.4 -1.3  1.4795E-5
1.4 1.2 2.1981E-4
1.4 1.25  9.576E-4
1.4 1.3 0.0029
1.4 1.35  2.9606E-4
1.4 1.4 1.4661E-5
1.45  -1.35 2.1985E-5
1.45  -1.3  7.5301E-5
1.45  -1.25 9.6525E-5
1.45  -1.2  8.9514E-5
1.45  -1.15 1.9462E-5
1.5 -1.35 1.6277E-5
1.5 -0.75 7.0904E-5
1.5 -0.7  2.2899E-5
1.55  -0.4  5.5528E-5
1.55  -0.35 3.04E-5
1.55  -0.1  1.4982E-5
1.55  -0.05 3.0429E-5
1.55  0 3.2585E-5
1.55  0.05  1.9578E-5
1.6 -1.35 3.2716E-5
1.6 -1.3  8.7663E-5
1.6 -1.25 7.9677E-5
1.6 -1.2  3.2091E-5
1.6 -0.1  6.2508E-5
1.6 -0.05 2.551E-4
1.6 0 0.0021
1.6 0.05  8.5515E-4
1.6 0.1 3.4095E-4
1.6 0.15  1.3718E-5
1.65  -1.3  1.6889E-5
1.65  -1.25 1.5325E-5
1.65  -0.4  1.5837E-5
1.65  -0.05 1.2082E-5
1.65  0 1.5976E-5
1.65  0.05  1.223E-5
1.7 -0.05 1.3113E-4
1.7 0 1.2563E-4
1.7 0.05  2.5489E-5
1.75  1.3 2.4437E-5
1.75  1.35  4.3922E-5
1.8 -0.1  1.3722E-5
1.8 -0.05 8.1115E-5
1.8 0 1.6229E-4
1.8 0.05  1.5508E-4
1.8 0.1 4.4019E-5
1.8 0.65  2.1637E-5
1.8 0.7 2.0282E-5
1.85  -0.1  2.4649E-5
1.85  -0.05 5.7788E-5
1.85  0 6.791E-5
1.85  0.05  4.269E-5
1.85  0.1 1.2657E-5
1.9 -0.1  2.0477E-5
1.9 -0.05 5.6033E-5
1.9 0 7.1232E-5
1.9 0.05  4.799E-5
1.9 0.1 1.3617E-5
1.9 0.65  1.6852E-5
1.9 0.7 2.0578E-5
1.95  -1.35 1.4659E-5
1.95  -1.3  2.3319E-5
1.95  -1.25 1.8674E-5
1.95  -0.55 1.1842E-5
1.95  -0.1  4.4883E-5
1.95  -0.05 1.4209E-4
1.95  0 1.9087E-4
1.95  0.05  1.3221E-4
1.95  0.1 3.7819E-5
1.95  0.55  1.3677E-5
1.95  0.6 1.3065E-5
1.95  1.05  1.2842E-5
2 -1.35 2.587E-5
2 -1.3  4.1123E-5
2 -1.25 3.4019E-5
2 -0.6  1.4726E-5
2 -0.55 1.923E-5
2 -0.4  1.502E-5
2 -0.25 1.6628E-5
2 -0.2  1.2872E-5
2 -0.1  8.3086E-5
2 -0.05 2.5597E-4
2 0 3.4644E-4
2 0.05  2.4349E-4
2 0.1 7.3538E-5
2 0.2 1.2749E-5
2 0.25  1.4833E-5
2 0.7 1.4359E-5
2 0.75  1.7231E-5
2 1.25  1.3027E-5
2 1.3 2.8661E-5
2 1.35  4.9684E-5
2 1.4 2.7923E-5
2.05  -1.35 2.5528E-5
2.05  -1.3  4.0773E-5
2.05  -1.25 3.3756E-5
2.05  -1.2  1.2291E-5
2.05  -0.6  1.4672E-5
2.05  -0.55 1.8231E-5
2.05  -0.5  1.2707E-5
2.05  -0.45 1.3898E-5
2.05  -0.4  1.7051E-5
2.05  -0.25 1.5961E-5
2.05  -0.2  1.178E-5
2.05  -0.1  8.4069E-5
2.05  -0.05 2.5682E-4
2.05  0 3.4521E-4
2.05  0.05  2.453E-4
2.05  0.1 7.7518E-5
2.05  0.25  1.2981E-5
2.05  0.7 1.3705E-5
2.05  0.75  1.5321E-5
2.05  1.2 1.6695E-5
2.05  1.25  5.9556E-5
2.05  1.3 6.8138E-5
2.05  1.35  4.7607E-5
2.1 -1.35 1.3932E-5
2.1 -1.3  2.1719E-5
2.1 -1.25 1.8156E-5
2.1 -0.45 1.2378E-5
2.1 -0.4  1.2373E-5
2.1 -0.1  4.6869E-5
2.1 -0.05 1.3629E-4
2.1 0 1.853E-4
2.1 0.05  1.3207E-4
2.1 0.1 4.3331E-5
2.1 1.25  2.3291E-5
2.1 1.3 2.6131E-5
2.1 1.35  1.5164E-5
2.15  -0.1  2.0729E-5
2.15  -0.05 5.8682E-5
2.15  0 7.7491E-5
2.15  0.05  5.5598E-5
2.15  0.1 1.9434E-5
2.2 -1.3  1.4917E-5
2.2 -1.25 1.2856E-5
2.2 -0.1  3.4179E-5
2.2 -0.05 9.1846E-5
2.2 0 1.243E-4
2.2 0.05  9.1267E-5
2.2 0.1 3.0675E-5
2.2 1.25  1.4945E-5
2.2 1.3 1.7403E-5
2.25  -1.35 1.5263E-5
2.25  -1.3  2.3921E-5
2.25  -1.25 2.0156E-5
2.25  -0.1  5.5798E-5
2.25  -0.05 1.522E-4
2.25  0 2.0144E-4
2.25  0.05  1.4623E-4
2.25  0.1 4.9789E-5
2.25  1.25  2.5731E-5
2.25  1.3 2.8751E-5
2.25  1.35  1.7478E-5
2.3 -1.35 1.2744E-5
2.3 -1.3  1.9557E-5
2.3 -1.25 1.6479E-5
2.3 -0.1  4.9477E-5
2.3 -0.05 1.2758E-4
2.3 0 1.6654E-4
2.3 0.05  1.1967E-4
2.3 0.1 4.1615E-5
2.3 1.25  2.2583E-5
2.3 1.3 2.5147E-5
2.3 1.35  1.522E-5
2.35  -0.1  2.2791E-5
2.35  -0.05 5.636E-5
2.35  0 7.056E-5
2.35  0.05  4.9857E-5
2.35  0.1 1.7742E-5
2.4 -0.05 2.9431E-5
2.4 0 4.0996E-5
2.4 0.05  3.0488E-5
2.45  -0.1  1.5072E-5
2.45  -0.05 4.8436E-5
2.45  0 6.9743E-5
2.45  0.05  5.3424E-5
2.45  0.1 1.8727E-5
2.5 -0.1  1.6626E-5
2.5 -0.05 5.0923E-5
2.5 0 7.2199E-5
2.5 0.05  5.4433E-5
2.5 0.1 1.9409E-5
2.55  -0.05 2.8598E-5
2.55  0 3.9241E-5
2.55  0.05  2.9582E-5
2.6 -0.05 1.5905E-5
2.6 0 2.274E-5
2.6 0.05  1.7198E-5
2.7 -0.05 1.2825E-5
2.7 0 1.6966E-5
2.75  -1.35 2.0669E-5
2.75  -1.3  3.2883E-5
2.75  -1.25 2.6993E-5
2.75  -0.25 1.6806E-5
2.75  -0.1  6.413E-5
2.75  -0.05 1.991E-4
2.75  0 2.7077E-4
2.75  0.05  1.9058E-4
2.75  0.1 5.5959E-5
2.75  0.25  1.4605E-5
2.75  1.2 1.2885E-5
2.75  1.25  3.4676E-5
2.75  1.3 3.9948E-5
2.75  1.35  2.391E-5
2.8 -1.4  2.1345E-5
2.8 -1.35 7.6628E-5
2.8 -1.3  1.2224E-4
2.8 -1.25 1.0092E-4
2.8 -1.2  3.606E-5
2.8 -1.05 1.36E-5
2.8 -0.45 1.222E-5
2.8 -0.4  2.4858E-5
2.8 -0.25 4.9948E-5
2.8 -0.2  3.6749E-5
2.8 -0.1  2.3965E-4
2.8 -0.05 7.3334E-4
2.8 0 9.9924E-4
2.8 0.05  7.0793E-4
2.8 0.1 2.2507E-4
2.8 0.2 3.8296E-5
2.8 0.25  4.9474E-5
2.8 0.4 2.117E-5
2.8 0.55  1.4469E-5
2.8 0.9 1.3395E-5
2.8 1.05  1.6555E-5
2.8 1.2 4.6031E-5
2.8 1.25  1.242E-4
2.8 1.3 1.4507E-4
2.8 1.35  8.7887E-5
2.8 1.4 2.388E-5
2.85  -1.4  4.1107E-5
2.85  -1.35 1.4804E-4
2.85  -1.3  2.3884E-4
2.85  -1.25 2.0099E-4
2.85  -1.2  7.3022E-5
2.85  -1.1  1.7624E-5
2.85  -1.05 2.5787E-5
2.85  -0.9  1.742E-5
2.85  -0.75 1.9034E-5
2.85  -0.7  1.5049E-5
2.85  -0.6  1.3876E-5
2.85  -0.55 1.8962E-5
2.85  -0.45 1.8071E-5
2.85  -0.4  4.3341E-5
2.85  -0.35 1.4003E-5
2.85  -0.3  1.3213E-5
2.85  -0.25 8.975E-5
2.85  -0.2  6.4534E-5
2.85  -0.15 1.8516E-5
2.85  -0.1  4.6268E-4
2.85  -0.05 0.0014
2.85  0 0.002
2.85  0.05  0.0014
2.85  0.1 4.5659E-4
2.85  0.15  2.1078E-5
2.85  0.2 6.9078E-5
2.85  0.25  9.4735E-5
2.85  0.3 1.5498E-5
2.85  0.35  1.255E-5
2.85  0.4 3.9928E-5
2.85  0.45  1.3399E-5
2.85  0.55  2.7105E-5
2.85  0.6 2.0044E-5
2.85  0.7 1.2594E-5
2.85  0.75  1.6219E-5
2.85  0.9 2.3187E-5
2.85  1.05  2.9343E-5
2.85  1.1 1.9931E-5
2.85  1.2 9.0566E-5
2.85  1.25  2.4302E-4
2.85  1.3 2.8463E-4
2.85  1.35  1.7522E-4
2.85  1.4 4.7744E-5
2.9 -1.4  5.3087E-5
2.9 -1.35 1.8596E-4
2.9 -1.3  3.022E-4
2.9 -1.25 2.5404E-4
2.9 -1.2  9.4222E-5
2.9 -1.1  2.0773E-5
2.9 -1.05 3.0693E-5
2.9 -0.9  2.1102E-5
2.9 -0.75 2.2889E-5
2.9 -0.7  1.619E-5
2.9 -0.6  2.162E-5
2.9 -0.55 3.0125E-5
2.9 -0.45 1.7959E-5
2.9 -0.4  5.0918E-5
2.9 -0.35 1.6144E-5
2.9 -0.3  1.7311E-5
2.9 -0.25 1.0611E-4
2.9 -0.2  7.6521E-5
2.9 -0.15 2.4789E-5
2.9 -0.1  5.9446E-4
2.9 -0.05 0.0018
2.9 0 0.0025
2.9 0.05  0.0018
2.9 0.1 5.8131E-4
2.9 0.15  1.7055E-5
2.9 0.2 8.1475E-5
2.9 0.25  1.1163E-4
2.9 0.3 1.805E-5
2.9 0.35  1.4707E-5
2.9 0.4 4.7571E-5
2.9 0.45  1.6386E-5
2.9 0.55  3.2329E-5
2.9 0.6 2.161E-5
2.9 0.7 1.9767E-5
2.9 0.75  2.5164E-5
2.9 0.9 2.7247E-5
2.9 1.05  3.5495E-5
2.9 1.1 2.3314E-5
2.9 1.2 1.1499E-4
2.9 1.25  3.0692E-4
2.9 1.3 3.5939E-4
2.9 1.35  2.2151E-4
2.9 1.4 6.1186E-5
2.95  -1.4  4.2147E-5
2.95  -1.35 1.5011E-4
2.95  -1.3  2.4292E-4
2.95  -1.25 2.0789E-4
2.95  -1.2  7.7036E-5
2.95  -1.1  1.5484E-5
2.95  -1.05 2.4389E-5
2.95  -0.9  1.6278E-5
2.95  -0.75 1.6372E-5
2.95  -0.6  2.1727E-5
2.95  -0.55 2.8725E-5
2.95  -0.45 1.2062E-5
2.95  -0.4  3.7062E-5
2.95  -0.35 1.2478E-5
2.95  -0.3  1.2042E-5
2.95  -0.25 8.3295E-5
2.95  -0.2  5.7592E-5
2.95  -0.15 2.0003E-5
2.95  -0.1  4.7831E-4
2.95  -0.05 0.0015
2.95  0 0.002
2.95  0.05  0.0015
2.95  0.1 4.807E-4
2.95  0.15  2.3393E-5
2.95  0.2 6.0864E-5
2.95  0.25  8.9072E-5
2.95  0.3 1.4539E-5
2.95  0.4 3.7493E-5
2.95  0.45  1.2322E-5
2.95  0.55  2.3481E-5
2.95  0.6 1.4727E-5
2.95  0.7 1.9574E-5
2.95  0.75  2.4231E-5
2.95  0.9 1.9763E-5
2.95  1.05  2.7354E-5
2.95  1.1 1.7988E-5
2.95  1.2 9.4487E-5
2.95  1.25  2.4766E-4
2.95  1.3 2.9269E-4
2.95  1.35  1.8108E-4
2.95  1.4 5.1618E-5
3 -1.4  1.929E-5
3 -1.35 7.0034E-5
3 -1.3  1.1388E-4
3 -1.25 9.5611E-5
3 -1.2  3.8235E-5
3 -0.6  1.301E-5
3 -0.55 1.6403E-5
3 -0.4  1.6009E-5
3 -0.25 3.8321E-5
3 -0.2  2.5873E-5
3 -0.15 1.2056E-5
3 -0.1  2.3363E-4
3 -0.05 6.7443E-4
3 0 9.2536E-4
3 0.05  6.6884E-4
3 0.1 2.232E-4
3 0.2 2.5677E-5
3 0.25  3.9443E-5
3 0.4 1.6128E-5
3 0.7 1.1882E-5
3 0.75  1.3665E-5
3 1.05  1.2811E-5
3 1.2 4.4849E-5
3 1.25  1.1578E-4
3 1.3 1.3505E-4
3 1.35  8.3417E-5
3 1.4 2.375E-5
3.05  -1.3  1.7219E-5
3.05  -1.25 1.4743E-5
3.05  -0.1  3.6448E-5
3.05  -0.05 1.012E-4
3.05  0 1.3949E-4
3.05  0.05  1.0482E-4
3.05  0.1 3.5234E-5
3.05  1.25  1.7018E-5
3.05  1.3 2.1011E-5
3.05  1.35  1.2766E-5
3.1 -0.05 2.5714E-5
3.1 0 3.579E-5
3.1 0.05  2.6566E-5
3.15  -1.35 1.9159E-5
3.15  -1.3  3.0748E-5
3.15  -1.25 2.6205E-5
3.15  -0.1  6.0301E-5
3.15  -0.05 1.8322E-4
3.15  0 2.508E-4
3.15  0.05  1.8447E-4
3.15  0.1 6.0149E-5
3.15  0.25  1.176E-5
3.15  1.2 1.1838E-5
3.15  1.25  3.1226E-5
3.15  1.3 3.6911E-5
3.15  1.35  2.2665E-5
3.2 -1.35 2.1904E-5
3.2 -1.3  3.5291E-5
3.2 -1.25 3.0047E-5
3.2 -1.2  1.1586E-5
3.2 -0.1  6.9873E-5
3.2 -0.05 2.0944E-4
3.2 0 2.8593E-4
3.2 0.05  2.1012E-4
3.2 0.1 7.053E-5
3.2 0.25  1.233E-5
3.2 1.2 1.3398E-5
3.2 1.25  3.5746E-5
3.2 1.3 4.1854E-5
3.2 1.35  2.6225E-5
3.25  -1.3  1.4046E-5
3.25  -1.25 1.2046E-5
3.25  -0.1  2.8203E-5
3.25  -0.05 8.4942E-5
3.25  0 1.1317E-4
3.25  0.05  8.3269E-5
3.25  0.1 2.9701E-5
3.25  1.25  1.4354E-5
3.25  1.3 1.667E-5
3.35  -0.05 2.4024E-5
3.35  0 3.347E-5
3.35  0.05  2.3897E-5
3.4 -0.1  1.3635E-5
3.4 -0.05 4.0954E-5
3.4 0 5.5396E-5
3.4 0.05  3.9556E-5
3.4 0.1 1.2497E-5
3.45  -0.05 1.891E-5
3.45  0 2.5385E-5
3.45  0.05  1.7893E-5
3.55  -0.05 1.3741E-5
3.55  0 1.8369E-5
3.55  0.05  1.3501E-5
3.6 -1.35 2.7364E-5
3.6 -1.3  4.3997E-5
3.6 -1.25 3.646E-5
3.6 -1.2  1.4498E-5
3.6 -0.25 1.822E-5
3.6 -0.1  8.9947E-5
3.6 -0.05 2.6029E-4
3.6 0 3.4154E-4
3.6 0.05  2.4896E-4
3.6 0.1 9.0372E-5
3.6 0.25  1.4878E-5
3.6 1.2 1.7546E-5
3.6 1.25  4.2951E-5
3.6 1.3 4.9905E-5
3.6 1.35  3.0722E-5
3.65  -1.4  4.1927E-5
3.65  -1.35 1.429E-4
3.65  -1.3  2.3288E-4
3.65  -1.25 1.9951E-4
3.65  -1.2  8.1542E-5
3.65  -1.1  1.1996E-5
3.65  -1.05 2.3045E-5
3.65  -0.9  1.459E-5
3.65  -0.6  1.3685E-5
3.65  -0.45 2.1737E-5
3.65  -0.4  3.4799E-5
3.65  -0.3  2.0337E-5
3.65  -0.25 8.9215E-5
3.65  -0.2  5.1159E-5
3.65  -0.15 2.0807E-5
3.65  -0.1  4.6062E-4
3.65  -0.05 0.0013
3.65  0 0.0019
3.65  0.05  0.0014
3.65  0.1 4.9024E-4
3.65  0.15  2.9055E-5
3.65  0.2 4.6443E-5
3.65  0.25  8.0428E-5
3.65  0.3 1.7647E-5
3.65  0.4 3.1623E-5
3.65  0.45  2.0415E-5
3.65  0.7 1.2741E-5
3.65  0.85  1.166E-5
3.65  0.9 1.8698E-5
3.65  1.05  2.91E-5
3.65  1.1 1.5812E-5
3.65  1.2 9.4736E-5
3.65  1.25  2.2959E-4
3.65  1.3 2.7009E-4
3.65  1.35  1.6722E-4
3.65  1.4 4.7805E-5
3.7 -2.65 1.5248E-5
3.7 -2.6  2.045E-5
3.7 -2.55 1.4486E-5
3.7 -1.4  1.2135E-4
3.7 -1.35 4.0987E-4
3.7 -1.3  6.5468E-4
3.7 -1.25 5.6107E-4
3.7 -1.2  2.2191E-4
3.7 -1.1  3.6314E-5
3.7 -1.05 6.3792E-5
3.7 -1  1.3988E-5
3.7 -0.9  4.1296E-5
3.7 -0.85 2.2791E-5
3.7 -0.75 1.8539E-5
3.7 -0.7  1.5445E-5
3.7 -0.6  3.2678E-5
3.7 -0.55 3.0872E-5
3.7 -0.45 5.4187E-5
3.7 -0.4  1.0072E-4
3.7 -0.35 2.1655E-5
3.7 -0.3  4.9205E-5
3.7 -0.25 2.3871E-4
3.7 -0.2  1.4216E-4
3.7 -0.15 7.1558E-5
3.7 -0.1  0.0013
3.7 -0.05 0.0038
3.7 0 0.0052
3.7 0.05  0.0038
3.7 0.1 0.0013
3.7 0.15  7.2778E-5
3.7 0.2 1.3564E-4
3.7 0.25  2.2707E-4
3.7 0.3 4.5787E-5
3.7 0.35  2.0961E-5
3.7 0.4 9.0611E-5
3.7 0.45  4.6867E-5
3.7 0.55  2.564E-5
3.7 0.6 2.0242E-5
3.7 0.7 2.9527E-5
3.7 0.75  2.6264E-5
3.7 0.85  3.1462E-5
3.7 0.9 5.2891E-5
3.7 1 1.6542E-5
3.7 1.05  7.8554E-5
3.7 1.1 4.3657E-5
3.7 1.15  1.3276E-5
3.7 1.2 2.4903E-4
3.7 1.25  6.5282E-4
3.7 1.3 7.5455E-4
3.7 1.35  4.7151E-4
3.7 1.4 1.3911E-4
3.7 1.55  1.1846E-5
3.75  -2.65 2.7215E-5
3.75  -2.6  3.6762E-5
3.75  -2.55 2.6164E-5
3.75  -1.55 1.8615E-5
3.75  -1.5  1.3557E-5
3.75  -1.4  2.1407E-4
3.75  -1.35 7.3553E-4
3.75  -1.3  0.0012
3.75  -1.25 0.001
3.75  -1.2  3.9652E-4
3.75  -1.15 2.2059E-5
3.75  -1.1  6.5974E-5
3.75  -1.05 1.1375E-4
3.75  -1  2.4829E-5
3.75  -0.95 1.7818E-5
3.75  -0.9  7.7022E-5
3.75  -0.85 3.6936E-5
3.75  -0.75 4.7709E-5
3.75  -0.7  3.948E-5
3.75  -0.6  5.3968E-5
3.75  -0.55 6.0577E-5
3.75  -0.45 9.1277E-5
3.75  -0.4  1.7971E-4
3.75  -0.35 3.9787E-5
3.75  -0.3  8.5301E-5
3.75  -0.25 4.1093E-4
3.75  -0.2  2.6156E-4
3.75  -0.15 1.024E-4
3.75  -0.1  0.0024
3.75  -0.05 0.0068
3.75  0 0.0094
3.75  0.05  0.0069
3.75  0.1 0.0024
3.75  0.15  1.1569E-4
3.75  0.2 2.4996E-4
3.75  0.25  3.9794E-4
3.75  0.3 8.3821E-5
3.75  0.35  3.9081E-5
3.75  0.4 1.673E-4
3.75  0.45  7.5441E-5
3.75  0.55  6.7053E-5
3.75  0.6 5.1269E-5
3.75  0.7 4.8662E-5
3.75  0.75  5.077E-5
3.75  0.85  5.1851E-5
3.75  0.9 9.6306E-5
3.75  0.95  2.097E-5
3.75  1 2.9716E-5
3.75  1.05  1.3622E-4
3.75  1.1 8.007E-5
3.75  1.15  2.2996E-5
3.75  1.2 4.5329E-4
3.75  1.25  0.0012
3.75  1.3 0.0014
3.75  1.35  8.4216E-4
3.75  1.4 2.5266E-4
3.75  1.5 1.4905E-5
3.75  1.55  2.0572E-5
3.8 -2.65 3.3359E-5
3.8 -2.6  4.4847E-5
3.8 -2.55 3.1702E-5
3.8 -1.55 2.3039E-5
3.8 -1.5  1.6423E-5
3.8 -1.45 1.2344E-5
3.8 -1.4  2.583E-4
3.8 -1.35 8.959E-4
3.8 -1.3  0.0014
3.8 -1.25 0.0012
3.8 -1.2  4.7471E-4
3.8 -1.15 2.2757E-5
3.8 -1.1  7.9933E-5
3.8 -1.05 1.3598E-4
3.8 -1  2.5605E-5
3.8 -0.95 2.367E-5
3.8 -0.9  9.1898E-5
3.8 -0.85 4.3187E-5
3.8 -0.75 6.9118E-5
3.8 -0.7  5.7323E-5
3.8 -0.6  6.31E-5
3.8 -0.55 7.4991E-5
3.8 -0.45 1.0584E-4
3.8 -0.4  2.158E-4
3.8 -0.35 5.378E-5
3.8 -0.3  9.8636E-5
3.8 -0.25 5.0973E-4
3.8 -0.2  3.1516E-4
3.8 -0.15 1.5636E-4
3.8 -0.1  0.0028
3.8 -0.05 0.0084
3.8 0 0.0114
3.8 0.05  0.0084
3.8 0.1 0.0028
3.8 0.15  1.5271E-4
3.8 0.2 2.9897E-4
3.8 0.25  4.8312E-4
3.8 0.3 8.9109E-5
3.8 0.35  5.4341E-5
3.8 0.4 2.0238E-4
3.8 0.45  8.8042E-5
3.8 0.55  9.5809E-5
3.8 0.6 7.4851E-5
3.8 0.7 5.5995E-5
3.8 0.75  6.3076E-5
3.8 0.85  6.0786E-5
3.8 0.9 1.1379E-4
3.8 0.95  2.7632E-5
3.8 1 3.253E-5
3.8 1.05  1.657E-4
3.8 1.1 9.6717E-5
3.8 1.15  2.7729E-5
3.8 1.2 5.4379E-4
3.8 1.25  0.0014
3.8 1.3 0.0016
3.8 1.35  0.001
3.8 1.4 2.9735E-4
3.8 1.45  1.5973E-5
3.8 1.5 1.7846E-5
3.8 1.55  2.5226E-5
3.85  -2.65 2.7014E-5
3.85  -2.6  3.644E-5
3.85  -2.55 2.582E-5
3.85  -1.55 1.8372E-5
3.85  -1.5  1.3417E-5
3.85  -1.4  2.1276E-4
3.85  -1.35 7.2645E-4
3.85  -1.3  0.0012
3.85  -1.25 9.9876E-4
3.85  -1.2  3.8966E-4
3.85  -1.15 2.0093E-5
3.85  -1.1  6.4672E-5
3.85  -1.05 1.0828E-4
3.85  -1  2.1538E-5
3.85  -0.95 1.999E-5
3.85  -0.9  7.7114E-5
3.85  -0.85 3.3104E-5
3.85  -0.75 6.3372E-5
3.85  -0.7  5.3011E-5
3.85  -0.6  4.7231E-5
3.85  -0.55 6.3202E-5
3.85  -0.45 8.221E-5
3.85  -0.4  1.7159E-4
3.85  -0.35 3.9372E-5
3.85  -0.3  8.3326E-5
3.85  -0.25 4.053E-4
3.85  -0.2  2.5844E-4
3.85  -0.15 9.9725E-5
3.85  -0.1  0.0023
3.85  -0.05 0.0068
3.85  0 0.0093
3.85  0.05  0.0068
3.85  0.1 0.0023
3.85  0.15  1.0695E-4
3.85  0.2 2.4615E-4
3.85  0.25  3.7958E-4
3.85  0.3 7.2478E-5
3.85  0.35  4.4454E-5
3.85  0.4 1.6737E-4
3.85  0.45  6.885E-5
3.85  0.55  8.9418E-5
3.85  0.6 6.8857E-5
3.85  0.7 4.1996E-5
3.85  0.75  5.1875E-5
3.85  0.85  4.6675E-5
3.85  0.9 9.2079E-5
3.85  0.95  2.0852E-5
3.85  1 2.7673E-5
3.85  1.05  1.336E-4
3.85  1.1 7.8635E-5
3.85  1.15  2.0376E-5
3.85  1.2 4.4498E-4
3.85  1.25  0.0012
3.85  1.3 0.0013
3.85  1.35  8.4333E-4
3.85  1.4 2.4607E-4
3.85  1.5 1.4438E-5
3.85  1.55  1.9658E-5
3.9 -2.65 1.2606E-5
3.9 -2.6  1.6882E-5
3.9 -2.55 1.2078E-5
3.9 -1.4  9.8177E-5
3.9 -1.35 3.3937E-4
3.9 -1.3  5.3768E-4
3.9 -1.25 4.6314E-4
3.9 -1.2  1.784E-4
3.9 -1.1  2.7467E-5
3.9 -1.05 4.8846E-5
3.9 -0.9  3.5116E-5
3.9 -0.85 1.4882E-5
3.9 -0.75 3.261E-5
3.9 -0.7  2.7298E-5
3.9 -0.6  1.9206E-5
3.9 -0.55 2.7909E-5
3.9 -0.45 3.741E-5
3.9 -0.4  7.5152E-5
3.9 -0.35 1.9166E-5
3.9 -0.3  3.6901E-5
3.9 -0.25 1.9041E-4
3.9 -0.2  1.1171E-4
3.9 -0.15 6.6523E-5
3.9 -0.1  0.0011
3.9 -0.05 0.0031
3.9 0 0.0043
3.9 0.05  0.0031
3.9 0.1 0.001
3.9 0.15  6.1538E-5
3.9 0.2 1.0492E-4
3.9 0.25  1.7106E-4
3.9 0.3 2.8012E-5
3.9 0.35  2.477E-5
3.9 0.4 7.754E-5
3.9 0.45  3.0213E-5
3.9 0.55  4.5304E-5
3.9 0.6 3.5693E-5
3.9 0.7 1.6621E-5
3.9 0.75  2.2011E-5
3.9 0.85  2.1515E-5
3.9 0.9 3.951E-5
3.9 1 1.2542E-5
3.9 1.05  6.1483E-5
3.9 1.1 3.445E-5
3.9 1.2 2.0457E-4
3.9 1.25  5.282E-4
3.9 1.3 6.1729E-4
3.9 1.35  3.8489E-4
3.9 1.4 1.1103E-4
3.95  -1.35 4.021E-5
3.95  -1.3  6.3998E-5
3.95  -1.25 5.2351E-5
3.95  -1.2  2.2114E-5
3.95  -0.25 2.2396E-5
3.95  -0.2  1.3449E-5
3.95  -0.1  1.2473E-4
3.95  -0.05 3.713E-4
3.95  0 5.0354E-4
3.95  0.05  3.5371E-4
3.95  0.1 1.2225E-4
3.95  0.25  1.6309E-5
3.95  1.2 2.4314E-5
3.95  1.25  6.3135E-5
3.95  1.3 7.3845E-5
3.95  1.35  4.4513E-5
3.95  1.4 1.4585E-5
4 -1.35 3.668E-5
4 -1.3  5.7555E-5
4 -1.25 4.8452E-5
4 -1.2  1.9287E-5
4 -0.25 1.8563E-5
4 -0.2  1.26E-5
4 -0.1  1.0423E-4
4 -0.05 3.2276E-4
4 0 4.5445E-4
4 0.05  3.3199E-4
4 0.1 1.1207E-4
4 0.2 1.4725E-5
4 0.25  2.354E-5
4 1.2 2.1039E-5
4 1.25  5.4496E-5
4 1.3 6.6232E-5
4 1.35  4.1392E-5
4.05  -1.4  5.4499E-5
4.05  -1.35 1.9257E-4
4.05  -1.3  3.1125E-4
4.05  -1.25 2.645E-4
4.05  -1.2  1.0397E-4
4.05  -1.1  1.9197E-5
4.05  -1.05 3.1152E-5
4.05  -0.9  2.064E-5
4.05  -0.75 1.7308E-5
4.05  -0.7  1.2978E-5
4.05  -0.6  1.8737E-5
4.05  -0.55 2.5562E-5
4.05  -0.45 1.7646E-5
4.05  -0.4  4.5967E-5
4.05  -0.35 1.2813E-5
4.05  -0.3  1.9126E-5
4.05  -0.25 1.0357E-4
4.05  -0.2  7.1739E-5
4.05  -0.15 2.6471E-5
4.05  -0.1  5.8946E-4
4.05  -0.05 0.0018
4.05  0 0.0025
4.05  0.05  0.0018
4.05  0.1 6.1855E-4
4.05  0.15  2.4989E-5
4.05  0.2 7.2734E-5
4.05  0.25  1.0935E-4
4.05  0.3 2.1847E-5
4.05  0.4 4.4623E-5
4.05  0.45  1.7605E-5
4.05  0.55  2.4093E-5
4.05  0.6 1.6933E-5
4.05  0.7 1.692E-5
4.05  0.75  2.0876E-5
4.05  0.9 2.45E-5
4.05  1.05  3.4368E-5
4.05  1.1 2.1306E-5
4.05  1.2 1.1326E-4
4.05  1.25  3.0125E-4
4.05  1.3 3.5542E-4
4.05  1.35  2.2234E-4
4.05  1.4 6.4842E-5
4.1 -2.6  1.1793E-5
4.1 -1.4  6.5202E-5
4.1 -1.35 2.3255E-4
4.1 -1.3  3.7415E-4
4.1 -1.25 3.1887E-4
4.1 -1.2  1.2121E-4
4.1 -1.1  2.202E-5
4.1 -1.05 3.6389E-5
4.1 -0.9  2.5136E-5
4.1 -0.75 2.2888E-5
4.1 -0.7  1.8431E-5
4.1 -0.6  1.9661E-5
4.1 -0.55 2.7517E-5
4.1 -0.45 2.0824E-5
4.1 -0.4  5.1915E-5
4.1 -0.35 1.4517E-5
4.1 -0.3  2.2494E-5
4.1 -0.25 1.2839E-4
4.1 -0.2  8.4874E-5
4.1 -0.15 2.9085E-5
4.1 -0.1  7.1131E-4
4.1 -0.05 0.0021
4.1 0 0.003
4.1 0.05  0.0022
4.1 0.1 7.2358E-4
4.1 0.15  3.8234E-5
4.1 0.2 8.3275E-5
4.1 0.25  1.29E-4
4.1 0.3 2.2634E-5
4.1 0.35  1.6073E-5
4.1 0.4 5.5471E-5
4.1 0.45  2.123E-5
4.1 0.55  3.1838E-5
4.1 0.6 2.3976E-5
4.1 0.7 1.7176E-5
4.1 0.75  2.2769E-5
4.1 0.85  1.1732E-5
4.1 0.9 2.729E-5
4.1 1.05  4.1742E-5
4.1 1.1 2.6042E-5
4.1 1.2 1.3892E-4
4.1 1.25  3.6257E-4
4.1 1.3 4.2906E-4
4.1 1.35  2.6694E-4
4.1 1.4 7.7005E-5
4.15  -1.4  2.5822E-5
4.15  -1.35 9.6206E-5
4.15  -1.3  1.5529E-4
4.15  -1.25 1.3267E-4
4.15  -1.2  5.242E-5
4.15  -1.05 1.3982E-5
4.15  -0.4  2.0154E-5
4.15  -0.3  1.1676E-5
4.15  -0.25 5.3604E-5
4.15  -0.2  3.5351E-5
4.15  -0.15 1.2444E-5
4.15  -0.1  3.1056E-4
4.15  -0.05 8.8902E-4
4.15  0 0.0012
4.15  0.05  8.7202E-4
4.15  0.1 3.0765E-4
4.15  0.2 3.5044E-5
4.15  0.25  4.8642E-5
4.15  0.4 2.4412E-5
4.15  0.55  1.5746E-5
4.15  0.6 1.2606E-5
4.15  1.05  1.7612E-5
4.15  1.2 5.5523E-5
4.15  1.25  1.5012E-4
4.15  1.3 1.7642E-4
4.15  1.35  1.0692E-4
4.15  1.4 3.1909E-5
4.2 0 3.0888E-5
4.2 0.05  1.5204E-5
4.25  -1.4  3.4082E-5
4.25  -1.35 1.182E-4
4.25  -1.3  1.9271E-4
4.25  -1.25 1.6243E-4
4.25  -1.2  6.3173E-5
4.25  -1.1  1.1913E-5
4.25  -1.05 1.9776E-5
4.25  -0.6  1.2162E-5
4.25  -0.55 1.4946E-5
4.25  -0.45 1.2178E-5
4.25  -0.4  2.9332E-5
4.25  -0.25 6.3655E-5
4.25  -0.2  4.3137E-5
4.25  -0.15 1.6986E-5
4.25  -0.1  3.6671E-4
4.25  -0.05 0.0011
4.25  0 0.0015
4.25  0.05  0.0011
4.25  0.1 3.7097E-4
4.25  0.15  1.4312E-5
4.25  0.2 4.301E-5
4.25  0.25  6.8876E-5
4.25  0.3 1.435E-5
4.25  0.4 2.3486E-5
4.25  0.55  1.3387E-5
4.25  0.75  1.2169E-5
4.25  0.9 1.5375E-5
4.25  1.05  2.1088E-5
4.25  1.1 1.3065E-5
4.25  1.2 7.0331E-5
4.25  1.25  1.8502E-4
4.25  1.3 2.1733E-4
4.25  1.35  1.3437E-4
4.25  1.4 3.9141E-5
4.3 -2.6  1.5171E-5
4.3 -1.4  8.3903E-5
4.3 -1.35 2.9751E-4
4.3 -1.3  4.7772E-4
4.3 -1.25 4.126E-4
4.3 -1.2  1.573E-4
4.3 -1.1  2.8752E-5
4.3 -1.05 4.8805E-5
4.3 -0.9  2.8591E-5
4.3 -0.75 2.871E-5
4.3 -0.7  2.2427E-5
4.3 -0.6  2.6099E-5
4.3 -0.55 3.528E-5
4.3 -0.45 2.797E-5
4.3 -0.4  6.7728E-5
4.3 -0.35 1.8407E-5
4.3 -0.3  2.855E-5
4.3 -0.25 1.6367E-4
4.3 -0.2  1.087E-4
4.3 -0.15 3.9195E-5
4.3 -0.1  9.1661E-4
4.3 -0.05 0.0027
4.3 0 0.0038
4.3 0.05  0.0028
4.3 0.1 9.3018E-4
4.3 0.15  4.3945E-5
4.3 0.2 1.0587E-4
4.3 0.25  1.7084E-4
4.3 0.3 3.4101E-5
4.3 0.35  1.6096E-5
4.3 0.4 6.2567E-5
4.3 0.45  2.3588E-5
4.3 0.55  4.0066E-5
4.3 0.6 2.8937E-5
4.3 0.7 2.285E-5
4.3 0.75  2.9279E-5
4.3 0.85  1.5711E-5
4.3 0.9 3.5559E-5
4.3 1.05  5.3094E-5
4.3 1.1 3.2608E-5
4.3 1.2 1.7762E-4
4.3 1.25  4.6106E-4
4.3 1.3 5.4582E-4
4.3 1.35  3.4065E-4
4.3 1.4 9.8304E-5
4.35  -2.6  1.3482E-5
4.35  -1.4  7.6473E-5
4.35  -1.35 2.6054E-4
4.35  -1.3  4.2469E-4
4.35  -1.25 3.6188E-4
4.35  -1.2  1.3876E-4
4.35  -1.1  2.4898E-5
4.35  -1.05 4.1226E-5
4.35  -0.9  2.4762E-5
4.35  -0.75 3.1663E-5
4.35  -0.7  2.412E-5
4.35  -0.6  2.1344E-5
4.35  -0.55 3.0897E-5
4.35  -0.45 2.3145E-5
4.35  -0.4  5.8492E-5
4.35  -0.35 1.5188E-5
4.35  -0.3  2.8171E-5
4.35  -0.25 1.4768E-4
4.35  -0.2  9.6887E-5
4.35  -0.15 3.9297E-5
4.35  -0.1  8.1796E-4
4.35  -0.05 0.0024
4.35  0 0.0033
4.35  0.05  0.0024
4.35  0.1 8.1844E-4
4.35  0.15  2.7885E-5
4.35  0.2 9.425E-5
4.35  0.25  1.4433E-4
4.35  0.3 2.6725E-5
4.35  0.35  1.4723E-5
4.35  0.4 5.3517E-5
4.35  0.45  1.9354E-5
4.35  0.55  4.3974E-5
4.35  0.6 3.149E-5
4.35  0.7 1.8753E-5
4.35  0.75  2.5137E-5
4.35  0.85  1.2786E-5
4.35  0.9 3.0316E-5
4.35  1.05  4.874E-5
4.35  1.1 2.9699E-5
4.35  1.2 1.5233E-4
4.35  1.25  4.1102E-4
4.35  1.3 4.802E-4
4.35  1.35  3.0137E-4
4.35  1.4 8.6113E-5
4.4 -1.4  1.3585E-5
4.4 -1.35 4.5921E-5
4.4 -1.3  7.4143E-5
4.4 -1.25 6.448E-5
4.4 -1.2  2.319E-5
4.4 -0.75 1.2361E-5
4.4 -0.25 2.7559E-5
4.4 -0.2  1.9779E-5
4.4 -0.1  1.5048E-4
4.4 -0.05 4.4258E-4
4.4 0 5.8559E-4
4.4 0.05  4.2816E-4
4.4 0.1 1.3285E-4
4.4 0.2 1.5872E-5
4.4 0.25  2.3936E-5
4.4 0.55  1.7885E-5
4.4 0.6 1.3561E-5
4.4 1.2 2.9672E-5
4.4 1.25  7.2019E-5
4.4 1.3 8.4566E-5
4.4 1.35  5.3175E-5
4.4 1.4 1.3555E-5
4.45  -1.4  3.1044E-5
4.45  -1.35 9.3861E-5
4.45  -1.3  1.4491E-4
4.45  -1.25 1.2782E-4
4.45  -1.2  4.6994E-5
4.45  -1.05 1.6218E-5
4.45  -0.9  1.2598E-5
4.45  -0.4  2.2364E-5
4.45  -0.25 4.6076E-5
4.45  -0.2  2.9055E-5
4.45  -0.15 1.626E-5
4.45  -0.1  3.2083E-4
4.45  -0.05 8.269E-4
4.45  0 0.0011
4.45  0.05  8.6639E-4
4.45  0.1 2.853E-4
4.45  0.15  1.2174E-5
4.45  0.2 3.3929E-5
4.45  0.25  5.731E-5
4.45  0.3 1.3058E-5
4.45  0.4 2.7341E-5
4.45  0.45  1.9286E-5
4.45  0.6 1.2037E-5
4.45  1.05  1.5443E-5
4.45  1.2 5.1375E-5
4.45  1.25  1.427E-4
4.45  1.3 1.6209E-4
4.45  1.35  1.0247E-4
4.45  1.4 3.1992E-5
4.5 -2.65 3.0383E-5
4.5 -2.6  4.0388E-5
4.5 -2.55 2.8543E-5
4.5 -1.55 1.9455E-5
4.5 -1.5  1.4315E-5
4.5 -1.4  2.22E-4
4.5 -1.35 7.8229E-4
4.5 -1.3  0.0013
4.5 -1.25 0.0011
4.5 -1.2  4.1343E-4
4.5 -1.15 2.2368E-5
4.5 -1.1  8.0525E-5
4.5 -1.05 1.3532E-4
4.5 -1  2.5043E-5
4.5 -0.95 2.2953E-5
4.5 -0.9  9.4487E-5
4.5 -0.85 5.118E-5
4.5 -0.75 5.8457E-5
4.5 -0.7  5.6725E-5
4.5 -0.6  6.4094E-5
4.5 -0.55 7.7738E-5
4.5 -0.45 7.6165E-5
4.5 -0.4  1.7402E-4
4.5 -0.35 4.726E-5
4.5 -0.3  7.5887E-5
4.5 -0.25 4.1854E-4
4.5 -0.2  2.7301E-4
4.5 -0.15 9.2699E-5
4.5 -0.1  0.0024
4.5 -0.05 0.0072
4.5 0 0.0099
4.5 0.05  0.0074
4.5 0.1 0.0025
4.5 0.15  1.227E-4
4.5 0.2 3.0019E-4
4.5 0.25  4.653E-4
4.5 0.3 9.5708E-5
4.5 0.35  4.9845E-5
4.5 0.4 2.0681E-4
4.5 0.45  1.0142E-4
4.5 0.55  7.8612E-5
4.5 0.6 7.1799E-5
4.5 0.65  1.1972E-5
4.5 0.7 5.6488E-5
4.5 0.75  6.4302E-5
4.5 0.85  4.2611E-5
4.5 0.9 9.1436E-5
4.5 0.95  2.3135E-5
4.5 1 2.8013E-5
4.5 1.05  1.3579E-4
4.5 1.1 8.2054E-5
4.5 1.15  1.5911E-5
4.5 1.2 4.794E-4
4.5 1.25  0.0012
4.5 1.3 0.0014
4.5 1.35  9.0391E-4
4.5 1.4 2.5315E-4
4.5 1.45  1.1814E-5
4.5 1.5 1.7722E-5
4.5 1.55  2.4029E-5
4.55  -2.7  2.5232E-5
4.55  -2.65 7.4427E-5
4.55  -2.6  1.0157E-4
4.55  -2.55 7.1214E-5
4.55  -2.5  2.2712E-5
4.55  -1.55 4.9331E-5
4.55  -1.5  3.7609E-5
4.55  -1.45 2.4893E-5
4.55  -1.4  5.562E-4
4.55  -1.35 0.002
4.55  -1.3  0.0032
4.55  -1.25 0.0027
4.55  -1.2  0.001
4.55  -1.15 3.5705E-5
4.55  -1.1  1.9344E-4
4.55  -1.05 3.2361E-4
4.55  -1  6.5702E-5
4.55  -0.95 5.3536E-5
4.55  -0.9  2.2651E-4
4.55  -0.85 1.1859E-4
4.55  -0.75 1.5801E-4
4.55  -0.7  1.4245E-4
4.55  -0.65 1.7387E-5
4.55  -0.6  1.4304E-4
4.55  -0.55 1.9262E-4
4.55  -0.5  1.5856E-5
4.55  -0.45 1.8357E-4
4.55  -0.4  4.3052E-4
4.55  -0.35 1.1432E-4
4.55  -0.3  2.0489E-4
4.55  -0.25 0.0011
4.55  -0.2  6.9259E-4
4.55  -0.15 3.0904E-4
4.55  -0.1  0.0059
4.55  -0.05 0.018
4.55  0 0.0246
4.55  0.05  0.0179
4.55  0.1 0.0062
4.55  0.15  2.6279E-4
4.55  0.2 7.1198E-4
4.55  0.25  0.0011
4.55  0.3 2.1418E-4
4.55  0.35  1.2231E-4
4.55  0.4 4.8723E-4
4.55  0.45  2.4062E-4
4.55  0.55  2.1334E-4
4.55  0.6 1.848E-4
4.55  0.65  1.7863E-5
4.55  0.7 1.2545E-4
4.55  0.75  1.5679E-4
4.55  0.8 1.3607E-5
4.55  0.85  1.0146E-4
4.55  0.9 2.2238E-4
4.55  0.95  5.8892E-5
4.55  1 7.0668E-5
4.55  1.05  3.5323E-4
4.55  1.1 2.1105E-4
4.55  1.15  6.0359E-5
4.55  1.2 0.0011
4.55  1.25  0.003
4.55  1.3 0.0035
4.55  1.35  0.0022
4.55  1.4 6.3621E-4
4.55  1.45  2.8321E-5
4.55  1.5 4.4081E-5
4.55  1.55  5.9283E-5
4.6 -3.85 1.3965E-5
4.6 -2.7  3.7072E-5
4.6 -2.65 1.1071E-4
4.6 -2.6  1.4935E-4
4.6 -2.55 1.0609E-4
4.6 -2.5  3.2434E-5
4.6 -1.7  1.182E-5
4.6 -1.6  1.1581E-5
4.6 -1.55 7.4103E-5
4.6 -1.5  5.5046E-5
4.6 -1.45 3.4442E-5
4.6 -1.4  8.2078E-4
4.6 -1.35 0.0029
4.6 -1.3  0.0047
4.6 -1.25 0.004
4.6 -1.2  0.0015
4.6 -1.15 7.6464E-5
4.6 -1.1  2.9009E-4
4.6 -1.05 4.9199E-4
4.6 -1  9.7539E-5
4.6 -0.95 8.4335E-5
4.6 -0.9  3.4066E-4
4.6 -0.85 1.6602E-4
4.6 -0.8  1.9327E-5
4.6 -0.75 2.429E-4
4.6 -0.7  2.2997E-4
4.6 -0.65 1.6672E-5
4.6 -0.6  1.9403E-4
4.6 -0.55 2.8084E-4
4.6 -0.5  2.0966E-5
4.6 -0.45 2.6845E-4
4.6 -0.4  6.1324E-4
4.6 -0.35 1.5304E-4
4.6 -0.3  3.0523E-4
4.6 -0.25 0.0016
4.6 -0.2  0.001
4.6 -0.15 3.1437E-4
4.6 -0.1  0.0089
4.6 -0.05 0.0265
4.6 0 0.0365
4.6 0.05  0.0269
4.6 0.1 0.0091
4.6 0.15  4.3139E-4
4.6 0.2 0.0011
4.6 0.25  0.0017
4.6 0.3 3.3173E-4
4.6 0.35  1.8317E-4
4.6 0.4 7.4396E-4
4.6 0.45  3.3677E-4
4.6 0.5 2.635E-5
4.6 0.55  3.3183E-4
4.6 0.6 2.9033E-4
4.6 0.65  2.2566E-5
4.6 0.7 1.6743E-4
4.6 0.75  2.3113E-4
4.6 0.8 1.9852E-5
4.6 0.85  1.5004E-4
4.6 0.9 3.2209E-4
4.6 0.95  7.5537E-5
4.6 1 1.0704E-4
4.6 1.05  5.1662E-4
4.6 1.1 3.1687E-4
4.6 1.15  6.088E-5
4.6 1.2 0.0017
4.6 1.25  0.0045
4.6 1.3 0.0053
4.6 1.35  0.0033
4.6 1.4 9.6175E-4
4.6 1.45  3.968E-5
4.6 1.5 6.5835E-5
4.6 1.55  8.7201E-5
4.6 1.6 1.509E-5
4.6 1.7 1.5911E-5
4.65  -3.85 1.4441E-5
4.65  -2.7  3.9138E-5
4.65  -2.65 1.1458E-4
4.65  -2.6  1.5616E-4
4.65  -2.55 1.1E-4
4.65  -2.5  3.4369E-5
4.65  -1.7  1.2247E-5
4.65  -1.6  1.326E-5
4.65  -1.55 7.6628E-5
4.65  -1.5  5.8063E-5
4.65  -1.45 4.0659E-5
4.65  -1.4  8.6213E-4
4.65  -1.35 0.003
4.65  -1.3  0.0049
4.65  -1.25 0.0041
4.65  -1.2  0.0016
4.65  -1.15 4.9811E-5
4.65  -1.1  3.0375E-4
4.65  -1.05 5.0068E-4
4.65  -1  1.0002E-4
4.65  -0.95 8.5668E-5
4.65  -0.9  3.4937E-4
4.65  -0.85 1.7193E-4
4.65  -0.8  1.3573E-5
4.65  -0.75 2.6741E-4
4.65  -0.7  2.4863E-4
4.65  -0.65 1.6024E-5
4.65  -0.6  1.854E-4
4.65  -0.55 2.8143E-4
4.65  -0.5  3.7356E-5
4.65  -0.45 2.687E-4
4.65  -0.4  6.2668E-4
4.65  -0.35 1.5498E-4
4.65  -0.3  3.2691E-4
4.65  -0.25 0.0017
4.65  -0.2  0.0011
4.65  -0.15 4.8241E-4
4.65  -0.1  0.0091
4.65  -0.05 0.0275
4.65  0 0.0377
4.65  0.05  0.0278
4.65  0.1 0.0094
4.65  0.15  3.8373E-4
4.65  0.2 0.0011
4.65  0.25  0.0017
4.65  0.3 3.2257E-4
4.65  0.35  1.9653E-4
4.65  0.4 7.5691E-4
4.65  0.45  3.4867E-4
4.65  0.5 1.6066E-5
4.65  0.55  3.6075E-4
4.65  0.6 3.173E-4
4.65  0.65  1.7414E-5
4.65  0.7 1.599E-4
4.65  0.75  2.2759E-4
4.65  0.8 2.8732E-5
4.65  0.85  1.5061E-4
4.65  0.9 3.2472E-4
4.65  0.95  7.9777E-5
4.65  1 1.0971E-4
4.65  1.05  5.4373E-4
4.65  1.1 3.2481E-4
4.65  1.15  8.4381E-5
4.65  1.2 0.0017
4.65  1.25  0.0046
4.65  1.3 0.0054
4.65  1.35  0.0034
4.65  1.4 9.7267E-4
4.65  1.45  4.3899E-5
4.65  1.5 6.7049E-5
4.65  1.55  9.1638E-5
4.65  1.6 1.457E-5
4.65  1.7 1.6275E-5
4.7 -2.7  2.8877E-5
4.7 -2.65 8.5562E-5
4.7 -2.6  1.1575E-4
4.7 -2.55 8.2442E-5
4.7 -2.5  2.5151E-5
4.7 -1.55 5.6793E-5
4.7 -1.5  4.3251E-5
4.7 -1.45 2.7841E-5
4.7 -1.4  6.3932E-4
4.7 -1.35 0.0022
4.7 -1.3  0.0036
4.7 -1.25 0.0031
4.7 -1.2  0.0012
4.7 -1.15 5.8879E-5
4.7 -1.1  2.3021E-4
4.7 -1.05 3.8562E-4
4.7 -1  7.6401E-5
4.7 -0.95 6.3692E-5
4.7 -0.9  2.6805E-4
4.7 -0.85 1.2703E-4
4.7 -0.8  1.7503E-5
4.7 -0.75 2.089E-4
4.7 -0.7  2.0525E-4
4.7 -0.65 1.2543E-5
4.7 -0.6  1.266E-4
4.7 -0.55 2.0825E-4
4.7 -0.5  2.8053E-5
4.7 -0.45 1.9854E-4
4.7 -0.4  4.4635E-4
4.7 -0.35 1.0836E-4
4.7 -0.3  2.4294E-4
4.7 -0.25 0.0012
4.7 -0.2  8.0857E-4
4.7 -0.15 2.238E-4
4.7 -0.1  0.0069
4.7 -0.05 0.0204
4.7 0 0.0282
4.7 0.05  0.0208
4.7 0.1 0.007
4.7 0.15  3.4994E-4
4.7 0.2 8.6009E-4
4.7 0.25  0.0013
4.7 0.3 2.6288E-4
4.7 0.35  1.4711E-4
4.7 0.4 5.8591E-4
4.7 0.45  2.5816E-4
4.7 0.5 1.7598E-5
4.7 0.55  2.867E-4
4.7 0.6 2.5839E-4
4.7 0.65  1.8396E-5
4.7 0.7 1.0754E-4
4.7 0.75  1.7104E-4
4.7 0.8 2.4209E-5
4.7 0.85  1.1354E-4
4.7 0.9 2.3482E-4
4.7 0.95  5.3562E-5
4.7 1 8.3649E-5
4.7 1.05  3.9553E-4
4.7 1.1 2.4339E-4
4.7 1.15  5.1101E-5
4.7 1.2 0.0013
4.7 1.25  0.0034
4.7 1.3 0.0041
4.7 1.35  0.0025
4.7 1.4 7.4814E-4
4.7 1.45  3.1865E-5
4.7 1.5 5.1997E-5
4.7 1.55  6.8533E-5
4.7 1.6 1.1882E-5
4.7 1.7 1.2519E-5
4.75  -2.7  1.4996E-5
4.75  -2.65 4.4529E-5
4.75  -2.6  6.0859E-5
4.75  -2.55 4.3045E-5
4.75  -2.5  1.3285E-5
4.75  -1.55 2.9385E-5
4.75  -1.5  2.1816E-5
4.75  -1.45 1.5056E-5
4.75  -1.4  3.3667E-4
4.75  -1.35 0.0012
4.75  -1.3  0.0019
4.75  -1.25 0.0016
4.75  -1.2  6.1766E-4
4.75  -1.15 2.0196E-5
4.75  -1.1  1.2161E-4
4.75  -1.05 2.0055E-4
4.75  -1  3.9387E-5
4.75  -0.95 3.3318E-5
4.75  -0.9  1.3915E-4
4.75  -0.85 6.8982E-5
4.75  -0.75 1.1758E-4
4.75  -0.7  1.1655E-4
4.75  -0.6  5.9517E-5
4.75  -0.55 1.082E-4
4.75  -0.5  2.4726E-5
4.75  -0.45 1.0335E-4
4.75  -0.4  2.2883E-4
4.75  -0.35 5.5763E-5
4.75  -0.3  1.2868E-4
4.75  -0.25 6.4251E-4
4.75  -0.2  4.1822E-4
4.75  -0.15 1.753E-4
4.75  -0.1  0.0035
4.75  -0.05 0.0107
4.75  0 0.0146
4.75  0.05  0.0107
4.75  0.1 0.0036
4.75  0.15  1.5448E-4
4.75  0.2 4.4859E-4
4.75  0.25  6.9348E-4
4.75  0.3 1.2523E-4
4.75  0.35  7.2492E-5
4.75  0.4 2.9944E-4
4.75  0.45  1.3597E-4
4.75  0.55  1.5765E-4
4.75  0.6 1.4827E-4
4.75  0.7 5.0663E-5
4.75  0.75  8.6967E-5
4.75  0.8 1.8343E-5
4.75  0.85  5.8452E-5
4.75  0.9 1.1826E-4
4.75  0.95  2.8771E-5
4.75  1 4.3012E-5
4.75  1.05  2.0745E-4
4.75  1.1 1.2588E-4
4.75  1.15  3.2414E-5
4.75  1.2 6.719E-4
4.75  1.25  0.0018
4.75  1.3 0.0021
4.75  1.35  0.0013
4.75  1.4 3.7283E-4
4.75  1.45  1.77E-5
4.75  1.5 2.6514E-5
4.75  1.55  3.6711E-5
4.8 -2.65 1.3742E-5
4.8 -2.6  1.8819E-5
4.8 -2.55 1.3373E-5
4.8 -1.4  1.0258E-4
4.8 -1.35 3.5609E-4
4.8 -1.3  5.8337E-4
4.8 -1.25 5.0372E-4
4.8 -1.2  1.9976E-4
4.8 -1.1  3.781E-5
4.8 -1.05 6.3622E-5
4.8 -1  1.233E-5
4.8 -0.9  4.4526E-5
4.8 -0.85 2.1323E-5
4.8 -0.75 4.0662E-5
4.8 -0.7  4.3246E-5
4.8 -0.6  1.5768E-5
4.8 -0.55 3.6777E-5
4.8 -0.5  1.3118E-5
4.8 -0.45 3.4581E-5
4.8 -0.4  6.5591E-5
4.8 -0.35 1.4987E-5
4.8 -0.3  3.7866E-5
4.8 -0.25 1.9111E-4
4.8 -0.2  1.1868E-4
4.8 -0.15 4.2946E-5
4.8 -0.1  0.0011
4.8 -0.05 0.0033
4.8 0 0.0045
4.8 0.05  0.0033
4.8 0.1 0.0011
4.8 0.15  5.4013E-5
4.8 0.2 1.4261E-4
4.8 0.25  2.1672E-4
4.8 0.3 4.1176E-5
4.8 0.35  2.4458E-5
4.8 0.4 9.612E-5
4.8 0.45  4.4149E-5
4.8 0.55  5.569E-5
4.8 0.6 5.3662E-5
4.8 0.7 1.3248E-5
4.8 0.75  2.9562E-5
4.8 0.85  1.994E-5
4.8 0.9 3.5156E-5
4.8 1 1.4791E-5
4.8 1.05  6.1799E-5
4.8 1.1 3.6038E-5
4.8 1.2 2.2331E-4
4.8 1.25  5.5459E-4
4.8 1.3 6.5746E-4
4.8 1.35  4.1621E-4
4.8 1.4 1.149E-4
4.8 1.55  1.1577E-5
4.85  -1.35 3.4628E-5
4.85  -1.3  5.287E-5
4.85  -1.25 4.6082E-5
4.85  -1.2  1.9632E-5
4.85  -0.25 1.559E-5
4.85  -0.1  1.1483E-4
4.85  -0.05 3.0991E-4
4.85  0 4.1746E-4
4.85  0.05  3.4419E-4
4.85  0.1 1.047E-4
4.85  0.2 1.313E-5
4.85  0.25  2.2467E-5
4.85  1.2 2.1483E-5
4.85  1.25  5.2038E-5
4.85  1.3 6.1689E-5
4.85  1.35  4.1598E-5
4.85  1.4 1.1634E-5
4.9 -1.3  1.8539E-5
4.9 -1.25 1.6179E-5
4.9 -0.1  3.0254E-5
4.9 -0.05 1.017E-4
4.9 0 1.4387E-4
4.9 0.05  1.0599E-4
4.9 0.1 3.2765E-5
4.9 1.25  1.6831E-5
4.9 1.3 2.0731E-5
4.9 1.35  1.2624E-5
4.95  -1.4  1.3194E-5
4.95  -1.35 4.9397E-5
4.95  -1.3  8.0641E-5
4.95  -1.25 6.8728E-5
4.95  -1.2  2.6522E-5
4.95  -0.4  1.3918E-5
4.95  -0.25 3.3286E-5
4.95  -0.2  2.423E-5
4.95  -0.1  1.386E-4
4.95  -0.05 4.473E-4
4.95  0 6.221E-4
4.95  0.05  4.6229E-4
4.95  0.1 1.5204E-4
4.95  0.2 2.227E-5
4.95  0.25  3.2585E-5
4.95  0.4 1.4304E-5
4.95  1.2 2.6137E-5
4.95  1.25  7.441E-5
4.95  1.3 8.922E-5
4.95  1.35  5.6172E-5
4.95  1.4 1.5731E-5
5 -1.35 4.1484E-5
5 -1.3  6.8464E-5
5 -1.25 5.9201E-5
5 -1.2  2.2517E-5
5 -0.25 2.6092E-5
5 -0.2  2.0324E-5
5 -0.1  1.1723E-4
5 -0.05 3.7505E-4
5 0 5.3137E-4
5 0.05  3.9192E-4
5 0.1 1.3167E-4
5 0.2 2.0308E-5
5 0.25  2.9378E-5
5 0.4 1.2966E-5
5 1.2 2.2108E-5
5 1.25  6.2317E-5
5 1.3 7.6188E-5
5 1.35  4.8225E-5
5 1.4 1.3875E-5
5.05  -1.35 1.2061E-5
5.05  -1.3  2.0316E-5
5.05  -1.25 1.7486E-5
5.05  -0.1  3.1641E-5
5.05  -0.05 1.1087E-4
5.05  0 1.5627E-4
5.05  0.05  1.1825E-4
5.05  0.1 3.8164E-5
5.05  1.25  1.8434E-5
5.05  1.3 2.2782E-5
5.05  1.35  1.4382E-5
5.15  -0.1  1.8572E-5
5.15  -0.05 5.3534E-5
5.15  0 7.0084E-5
5.15  0.05  4.9653E-5
5.15  0.1 1.6572E-5
5.2 -1.3  1.398E-5
5.2 -1.25 1.1702E-5
5.2 -0.1  2.6613E-5
5.2 -0.05 7.8227E-5
5.2 0 1.076E-4
5.2 0.05  7.694E-5
5.2 0.1 2.5166E-5
5.2 1.25  1.3091E-5
5.2 1.3 1.5351E-5
5.25  -0.1  1.2264E-5
5.25  -0.05 3.8393E-5
5.25  0 5.3029E-5
5.25  0.05  3.852E-5
5.25  0.1 1.2239E-5
5.4 -0.05 2.191E-5
5.4 0 3.0266E-5
5.4 0.05  2.2923E-5
5.45  -0.05 1.7123E-5
5.45  0 2.4174E-5
5.45  0.05  1.9247E-5
5.6 -0.05 1.3147E-5
5.6 0 1.6747E-5
5.65  -0.05 1.9751E-5
5.65  0 2.6014E-5
5.65  0.05  1.7129E-5
5.7 -0.05 1.7425E-5
5.7 0 2.3758E-5
5.7 0.05  1.6408E-5
5.75  0 1.3732E-5
6.35  -0.05 1.8269E-5
6.35  0 2.4647E-5
6.35  0.05  1.7591E-5
6.4 -0.1  1.5945E-5
6.4 -0.05 4.9573E-5
6.4 0 6.7709E-5
6.4 0.05  4.9561E-5
6.4 0.1 1.5767E-5
6.45  -1.3  1.6436E-5
6.45  -1.25 1.3944E-5
6.45  -0.1  3.0281E-5
6.45  -0.05 9.0957E-5
6.45  0 1.256E-4
6.45  0.05  9.1079E-5
6.45  0.1 3.0068E-5
6.45  1.25  1.5198E-5
6.45  1.3 1.7922E-5
6.5 -1.35 1.307E-5
6.5 -1.3  2.0936E-5
6.5 -1.25 1.7822E-5
6.5 -0.1  3.8419E-5
6.5 -0.05 1.1642E-4
6.5 0 1.5888E-4
6.5 0.05  1.1665E-4
6.5 0.1 3.8625E-5
6.5 1.25  1.9321E-5
6.5 1.3 2.2719E-5
6.5 1.35  1.422E-5
6.55  -1.3  1.8366E-5
6.55  -1.25 1.5606E-5
6.55  -0.1  3.4843E-5
6.55  -0.05 1.0202E-4
6.55  0 1.3944E-4
6.55  0.05  1.0144E-4
6.55  0.1 3.4619E-5
6.55  1.25  1.6974E-5
6.55  1.3 1.9817E-5
6.55  1.35  1.234E-5
6.6 -0.1  1.863E-5
6.6 -0.05 5.4734E-5
6.6 0 7.3103E-5
6.6 0.05  5.3526E-5
6.6 0.1 1.8257E-5
6.65  0 1.4412E-5
6.75  -0.05 1.3763E-5
6.75  0 1.9152E-5
6.75  0.05  1.4224E-5
6.8 -0.05 1.9995E-5
6.8 0 2.7216E-5
6.8 0.05  2.0188E-5
6.85  0 1.4249E-5
