-11.5 -17.4 7.076E-6
-11.5 -17.3 8.3752E-6
-11.5 -17.2 8.9746E-6
-11.5 -17.1 8.7685E-6
-11.5 -17 7.8574E-6
-11.5 -16.9 6.4319E-6
-11.4 -17.6 6.0257E-6
-11.4 -17.5 8.8299E-6
-11.4 -17.4 1.1327E-5
-11.4 -17.3 1.3018E-5
-11.4 -17.2 1.3626E-5
-11.4 -17.1 1.3031E-5
-11.4 -17 1.1506E-5
-11.4 -16.9 9.4079E-6
-11.4 -16.8 7.0511E-6
-11.3 -17.7 6.2591E-6
-11.3 -17.6 1.0114E-5
-11.3 -17.5 1.3928E-5
-11.3 -17.4 1.7088E-5
-11.3 -17.3 1.8972E-5
-11.3 -17.2 1.9384E-5
-11.3 -17.1 1.827E-5
-11.3 -17 1.5854E-5
-11.3 -16.9 1.276E-5
-11.3 -16.8 9.4284E-6
-11.3 -16.7 6.3706E-6
-11.2 -17.7 1.0578E-5
-11.2 -17.6 1.5742E-5
-11.2 -17.5 2.0583E-5
-11.2 -17.4 2.4329E-5
-11.2 -17.3 2.6284E-5
-11.2 -17.2 2.6125E-5
-11.2 -17.1 2.4041E-5
-11.2 -17 2.052E-5
-11.2 -16.9 1.6202E-5
-11.2 -16.8 1.169E-5
-11.2 -16.7 7.7184E-6
-11.1 -17.8 1.0144E-5
-11.1 -17.7 1.6452E-5
-11.1 -17.6 2.3027E-5
-11.1 -17.5 2.8795E-5
-11.1 -17.4 3.2755E-5
-11.1 -17.3 3.4328E-5
-11.1 -17.2 3.3332E-5
-11.1 -17.1 3.0105E-5
-11.1 -17 2.5085E-5
-11.1 -16.9 1.9368E-5
-11.1 -16.8 1.367E-5
-11.1 -16.7 8.7154E-6
-11 -17.9 9.0077E-6
-11 -17.8 1.5959E-5
-11 -17.7 2.3983E-5
-11 -17.6 3.1793E-5
-11 -17.5 3.8279E-5
-11 -17.4 4.2289E-5
-11 -17.3 4.3168E-5
-11 -17.2 4.0846E-5
-11 -17.1 3.593E-5
-11 -17 2.923E-5
-11 -16.9 2.194E-5
-11 -16.8 1.4999E-5
-11 -16.7 9.203E-6
-10.9 -18 7.2817E-6
-10.9 -17.9 1.4427E-5
-10.9 -17.8 2.342E-5
-10.9 -17.7 3.3026E-5
-10.9 -17.6 4.1981E-5
-10.9 -17.5 4.8616E-5
-10.9 -17.4 5.2099E-5
-10.9 -17.3 5.1766E-5
-10.9 -17.2 4.7781E-5
-10.9 -17.1 4.0903E-5
-10.9 -17 3.238E-5
-10.9 -16.9 2.353E-5
-10.9 -16.8 1.5442E-5
-10.9 -16.7 8.9388E-6
-10.8 -18 1.202E-5
-10.8 -17.9 2.1319E-5
-10.8 -17.8 3.2294E-5
-10.8 -17.7 4.3263E-5
-10.8 -17.6 5.2853E-5
-10.8 -17.5 5.9321E-5
-10.8 -17.4 6.1708E-5
-10.8 -17.3 5.953E-5
-10.8 -17.2 5.3429E-5
-10.8 -17.1 4.4444E-5
-10.8 -17 3.4065E-5
-10.8 -16.9 2.3873E-5
-10.8 -16.8 1.4936E-5
-10.8 -16.7 8.0811E-6
-10.7 -18.1 9.3105E-6
-10.7 -18 1.8171E-5
-10.7 -17.9 2.9509E-5
-10.7 -17.8 4.2046E-5
-10.7 -17.7 5.3989E-5
-10.7 -17.6 6.3457E-5
-10.7 -17.5 6.8962E-5
-10.7 -17.4 6.9759E-5
-10.7 -17.3 6.5543E-5
-10.7 -17.2 5.7226E-5
-10.7 -17.1 4.621E-5
-10.7 -17 3.4191E-5
-10.7 -16.9 2.2844E-5
-10.7 -16.8 1.3445E-5
-10.7 -16.7 6.5948E-6
-10.6 -18.2 6.4966E-6
-10.6 -18.1 1.4476E-5
-10.6 -18 2.5375E-5
-10.6 -17.9 3.8549E-5
-10.6 -17.8 5.2189E-5
-10.6 -17.7 6.4436E-5
-10.6 -17.6 7.3431E-5
-10.6 -17.5 7.7549E-5
-10.6 -17.4 7.6149E-5
-10.6 -17.3 6.953E-5
-10.6 -17.2 5.881E-5
-10.6 -17.1 4.5925E-5
-10.6 -17 3.2612E-5
-10.6 -16.9 2.0691E-5
-10.6 -16.8 1.1289E-5
-10.5 -18.2 1.0579E-5
-10.5 -18.1 2.0513E-5
-10.5 -18 3.325E-5
-10.5 -17.9 4.7806E-5
-10.5 -17.8 6.2134E-5
-10.5 -17.7 7.3989E-5
-10.5 -17.6 8.1706E-5
-10.5 -17.5 8.3785E-5
-10.5 -17.4 7.9952E-5
-10.5 -17.3 7.0679E-5
-10.5 -17.2 5.7971E-5
-10.5 -17.1 4.3499E-5
-10.5 -17 2.9376E-5
-10.5 -16.9 1.7451E-5
-10.5 -16.8 8.5628E-6
-10.4 -18.3 7.159E-6
-10.4 -18.2 1.5489E-5
-10.4 -18.1 2.7239E-5
-10.4 -18 4.1531E-5
-10.4 -17.9 5.6716E-5
-10.4 -17.8 7.0835E-5
-10.4 -17.7 8.158E-5
-10.4 -17.6 8.7379E-5
-10.4 -17.5 8.6987E-5
-10.4 -17.4 8.0534E-5
-10.4 -17.3 6.905E-5
-10.4 -17.2 5.4491E-5
-10.4 -17.1 3.9202E-5
-10.4 -17 2.5004E-5
-10.4 -16.9 1.369E-5
-10.3 -18.3 1.0766E-5
-10.3 -18.2 2.075E-5
-10.3 -18.1 3.3845E-5
-10.3 -18 4.8962E-5
-10.3 -17.9 6.4235E-5
-10.3 -17.8 7.744E-5
-10.3 -17.7 8.6378E-5
-10.3 -17.6 8.9743E-5
-10.3 -17.5 8.6749E-5
-10.3 -17.4 7.7848E-5
-10.3 -17.3 6.4633E-5
-10.3 -17.2 4.9009E-5
-10.3 -17.1 3.343E-5
-10.3 -17 1.9899E-5
-10.3 -16.9 9.662E-6
-10.2 -18.4 6.9748E-6
-10.2 -18.3 1.4937E-5
-10.2 -18.2 2.6104E-5
-10.2 -18.1 4.0061E-5
-10.2 -18 5.5202E-5
-10.2 -17.9 6.9716E-5
-10.2 -17.8 8.143E-5
-10.2 -17.7 8.8306E-5
-10.2 -17.6 8.9136E-5
-10.2 -17.5 8.3657E-5
-10.2 -17.4 7.276E-5
-10.2 -17.3 5.8073E-5
-10.2 -17.2 4.2041E-5
-10.2 -17.1 2.6962E-5
-10.2 -17 1.4596E-5
-10.2 -16.9 6.0498E-6
-10.1 -18.4 9.8577E-6
-10.1 -18.3 1.8864E-5
-10.1 -18.2 3.0902E-5
-10.1 -18.1 4.5099E-5
-10.1 -18 5.9827E-5
-10.1 -17.9 7.2988E-5
-10.1 -17.8 8.2507E-5
-10.1 -17.7 8.6922E-5
-10.1 -17.6 8.5111E-5
-10.1 -17.5 7.7324E-5
-10.1 -17.4 6.4865E-5
-10.1 -17.3 4.9675E-5
-10.1 -17.2 3.4025E-5
-10.1 -17.1 2.0252E-5
-10.1 -17 9.7142E-6
-10 -18.5 6.0944E-6
-10 -18.4 1.2805E-5
-10 -18.3 2.2514E-5
-10 -18.2 3.4763E-5
-10 -18.1 4.8551E-5
-10 -18 6.1963E-5
-10 -17.9 7.333E-5
-10 -17.8 8.0446E-5
-10 -17.7 8.2274E-5
-10 -17.6 7.8169E-5
-10 -17.5 6.8677E-5
-10 -17.4 5.5373E-5
-10 -17.3 4.0345E-5
-10 -17.2 2.5947E-5
-10 -17.1 1.3964E-5
-10 -16.4 6.0145E-6
-9.9  -18.5 8.0307E-6
-9.9  -18.4 1.5308E-5
-9.9  -18.3 2.5238E-5
-9.9  -18.2 3.7159E-5
-9.9  -18.1 4.9896E-5
-9.9  -18 6.1695E-5
-9.9  -17.9 7.0709E-5
-9.9  -17.8 7.5438E-5
-9.9  -17.7 7.4714E-5
-9.9  -17.6 6.8863E-5
-9.9  -17.5 5.836E-5
-9.9  -17.4 4.5112E-5
-9.9  -17.3 3.1115E-5
-9.9  -17.2 1.84E-5
-9.9  -17.1 8.6857E-6
-9.9  -16.5 6.1997E-6
-9.9  -16.4 6.559E-6
-9.8  -18.5 9.7166E-6
-9.8  -18.4 1.7215E-5
-9.8  -18.3 2.6861E-5
-9.8  -18.2 3.794E-5
-9.8  -18.1 4.9221E-5
-9.8  -18 5.9045E-5
-9.8  -17.9 6.5783E-5
-9.8  -17.8 6.8222E-5
-9.8  -17.7 6.5698E-5
-9.8  -17.6 5.8513E-5
-9.8  -17.5 4.7651E-5
-9.8  -17.4 3.4978E-5
-9.8  -17.3 2.2486E-5
-9.8  -17.2 1.1941E-5
-9.8  -16.5 6.9041E-6
-9.8  -16.4 6.6409E-6
-9.7  -18.5 1.0953E-5
-9.7  -18.4 1.825E-5
-9.7  -18.3 2.7272E-5
-9.7  -18.2 3.7107E-5
-9.7  -18.1 4.6663E-5
-9.7  -18 5.4342E-5
-9.7  -17.9 5.8905E-5
-9.7  -17.8 5.9272E-5
-9.7  -17.7 5.5249E-5
-9.7  -17.6 4.7394E-5
-9.7  -17.5 3.6896E-5
-9.7  -17.4 2.5607E-5
-9.7  -17.3 1.5032E-5
-9.7  -17.2 6.8758E-6
-9.7  -16.6 6.7496E-6
-9.7  -16.5 7.0731E-6
-9.7  -16.4 6.2325E-6
-9.6  -18.6 6.4692E-6
-9.6  -18.5 1.1571E-5
-9.6  -18.4 1.8338E-5
-9.6  -18.3 2.6345E-5
-9.6  -18.2 3.4724E-5
-9.6  -18.1 4.234E-5
-9.6  -18 4.7959E-5
-9.6  -17.9 5.0485E-5
-9.6  -17.8 4.9342E-5
-9.6  -17.7 4.4489E-5
-9.6  -17.6 3.6632E-5
-9.6  -17.5 2.705E-5
-9.6  -17.4 1.7366E-5
-9.6  -17.3 9.1328E-6
-9.6  -16.7 6.1304E-6
-9.6  -16.6 7.1071E-6
-9.6  -16.5 6.7912E-6
-9.5  -18.6 6.7563E-6
-9.5  -18.5 1.1411E-5
-9.5  -18.4 1.7373E-5
-9.5  -18.3 2.4172E-5
-9.5  -18.2 3.0976E-5
-9.5  -18.1 3.6796E-5
-9.5  -18 4.0556E-5
-9.5  -17.9 4.1526E-5
-9.5  -17.8 3.9344E-5
-9.5  -17.7 3.4187E-5
-9.5  -17.6 2.693E-5
-9.5  -17.5 1.8724E-5
-9.5  -17.4 1.0972E-5
-9.5  -16.7 6.6182E-6
-9.5  -16.6 6.9172E-6
-9.5  -16.5 6.0399E-6
-9.4  -18.6 6.5959E-6
-9.4  -18.5 1.0698E-5
-9.4  -18.4 1.5762E-5
-9.4  -18.3 2.1287E-5
-9.4  -18.2 2.6536E-5
-9.4  -18.1 3.0722E-5
-9.4  -18 3.3025E-5
-9.4  -17.9 3.2839E-5
-9.4  -17.8 3.0118E-5
-9.4  -17.7 2.5128E-5
-9.4  -17.6 1.8772E-5
-9.4  -17.5 1.2069E-5
-9.4  -17.4 6.2392E-6
-9.4  -16.7 6.5257E-6
-9.4  -16.6 6.2365E-6
-9.3  -18.6 6.0251E-6
-9.3  -18.5 9.4473E-6
-9.3  -18.4 1.3493E-5
-9.3  -18.3 1.7791E-5
-9.3  -18.2 2.1665E-5
-9.3  -18.1 2.4496E-5
-9.3  -18 2.5628E-5
-9.3  -17.9 2.4737E-5
-9.3  -17.8 2.1856E-5
-9.3  -17.7 1.7399E-5
-9.3  -17.6 1.2181E-5
-9.3  -17.5 7.0731E-6
-9.3  -16.7 6.0255E-6
-9.2  -18.5 7.8768E-6
-9.2  -18.4 1.098E-5
-9.2  -18.3 1.4136E-5
-9.2  -18.2 1.6784E-5
-9.2  -18.1 1.8572E-5
-9.2  -18 1.8927E-5
-9.2  -17.9 1.7705E-5
-9.2  -17.8 1.5049E-5
-9.2  -17.7 1.1355E-5
-9.2  -17.6 7.3352E-6
-9.1  -18.5 6.111E-6
-9.1  -18.4 8.3939E-6
-9.1  -18.3 1.0631E-5
-9.1  -18.2 1.2431E-5
-9.1  -18.1 1.341E-5
-9.1  -18 1.3308E-5
-9.1  -17.9 1.2011E-5
-9.1  -17.8 9.7484E-6
-9.1  -17.7 6.8782E-6
-9  -18.4 6.0476E-6
-9  -18.3 7.547E-6
-9  -18.2 8.6717E-6
-9  -18.1 9.1584E-6
-9  -18 8.84E-6
-9  -17.9 7.6986E-6
-7.4  -9.6  6.4222E-6
-7.4  -9.5  6.1992E-6
-7.3  -9.9  6.8395E-6
-7.3  -9.8  9.3316E-6
-7.3  -9.7  1.1129E-5
-7.3  -9.6  1.1941E-5
-7.3  -9.5  1.1617E-5
-7.3  -9.4  1.0285E-5
-7.3  -9.3  8.3299E-6
-7.3  -9.2  6.1385E-6
-7.2  -10 8.4505E-6
-7.2  -9.9  1.2731E-5
-7.2  -9.8  1.6556E-5
-7.2  -9.7  1.9217E-5
-7.2  -9.6  2.0263E-5
-7.2  -9.5  1.9595E-5
-7.2  -9.4  1.7419E-5
-7.2  -9.3  1.4292E-5
-7.2  -9.2  1.0835E-5
-7.2  -9.1  7.4655E-6
-7.1  -11 6.2773E-6
-7.1  -10.9 6.9516E-6
-7.1  -10.8 6.4253E-6
-7.1  -10.1 9.2884E-6
-7.1  -10 1.5429E-5
-7.1  -9.9  2.1676E-5
-7.1  -9.8  2.7016E-5
-7.1  -9.7  3.0478E-5
-7.1  -9.6  3.1682E-5
-7.1  -9.5  3.0382E-5
-7.1  -9.4  2.6912E-5
-7.1  -9.3  2.218E-5
-7.1  -9.2  1.6933E-5
-7.1  -9.1  1.1835E-5
-7.1  -9  7.5085E-6
-7  -11.1 6.4834E-6
-7  -11 7.8385E-6
-7  -10.9 7.9245E-6
-7  -10.8 6.6146E-6
-7  -10.2 9.0234E-6
-7  -10.1 1.6821E-5
-7  -10 2.574E-5
-7  -9.9  3.4393E-5
-7  -9.8  4.1422E-5
-7  -9.7  4.5664E-5
-7  -9.6  4.6512E-5
-7  -9.5  4.4075E-5
-7  -9.4  3.8803E-5
-7  -9.3  3.1819E-5
-7  -9.2  2.43E-5
-7  -9.1  1.7046E-5
-7  -9  1.0841E-5
-7  -8.9  6.2296E-6
-6.9  -11.2 6.1366E-6
-6.9  -11.1 8.1673E-6
-6.9  -11 8.9804E-6
-6.9  -10.9 8.26E-6
-6.9  -10.8 6.1337E-6
-6.9  -10.3 7.8271E-6
-6.9  -10.2 1.6738E-5
-6.9  -10.1 2.8055E-5
-6.9  -10 4.0201E-5
-6.9  -9.9  5.1464E-5
-6.9  -9.8  6.007E-5
-6.9  -9.7  6.4656E-5
-6.9  -9.6  6.4706E-5
-6.9  -9.5  6.037E-5
-6.9  -9.4  5.2558E-5
-6.9  -9.3  4.2635E-5
-6.9  -9.2  3.2108E-5
-6.9  -9.1  2.2201E-5
-6.9  -9  1.3966E-5
-6.9  -8.9  7.8755E-6
-6.8  -11.2 7.9038E-6
-6.8  -11.1 9.5209E-6
-6.8  -11 9.5776E-6
-6.8  -10.9 7.9277E-6
-6.8  -10.3 1.5161E-5
-6.8  -10.2 2.8179E-5
-6.8  -10.1 4.3663E-5
-6.8  -10 5.9422E-5
-6.8  -9.9  7.3222E-5
-6.8  -9.8  8.298E-5
-6.8  -9.7  8.7242E-5
-6.8  -9.6  8.5491E-5
-6.8  -9.5  7.8372E-5
-6.8  -9.4  6.7104E-5
-6.8  -9.3  5.35E-5
-6.8  -9.2  3.9577E-5
-6.8  -9.1  2.6912E-5
-6.8  -9  1.6588E-5
-6.8  -8.9  9.0617E-6
-6.7  -11.3 7.1028E-6
-6.7  -11.2 9.3431E-6
-6.7  -11.1 1.0312E-5
-6.7  -11 9.4253E-6
-6.7  -10.9 6.8726E-6
-6.7  -10.4 1.2567E-5
-6.7  -10.3 2.6174E-5
-6.7  -10.2 4.3922E-5
-6.7  -10.1 6.363E-5
-6.7  -10 8.2706E-5
-6.7  -9.9  9.841E-5
-6.7  -9.8  1.0843E-4
-6.7  -9.7  1.1147E-4
-6.7  -9.6  1.0714E-4
-6.7  -9.5  9.6392E-5
-6.7  -9.4  8.1103E-5
-6.7  -9.3  6.3522E-5
-6.7  -9.2  4.5963E-5
-6.7  -9.1  3.0404E-5
-6.7  -9  1.8061E-5
-6.7  -8.9  9.3893E-6
-6.6  -11.3 8.6632E-6
-6.6  -11.2 1.0385E-5
-6.6  -11.1 1.0408E-5
-6.6  -11 8.492E-6
-6.6  -10.5 9.0853E-6
-6.6  -10.4 2.2234E-5
-6.6  -10.3 4.1162E-5
-6.6  -10.2 6.3684E-5
-6.6  -10.1 8.7696E-5
-6.6  -10 1.0968E-4
-6.6  -9.9  1.2676E-4
-6.6  -9.8  1.3638E-4
-6.6  -9.7  1.3708E-4
-6.6  -9.6  1.2913E-4
-6.6  -9.5  1.1382E-4
-6.6  -9.4  9.3841E-5
-6.6  -9.3  7.1915E-5
-6.6  -9.2  5.0697E-5
-6.6  -9.1  3.2432E-5
-6.6  -9  1.8401E-5
-6.6  -8.9  8.9221E-6
-6.5  -11.4 7.4081E-6
-6.5  -11.3 9.6988E-6
-6.5  -11.2 1.0592E-5
-6.5  -11.1 9.5926E-6
-6.5  -11 6.831E-6
-6.5  -10.5 1.7353E-5
-6.5  -10.4 3.5741E-5
-6.5  -10.3 5.9798E-5
-6.5  -10.2 8.7511E-5
-6.5  -10.1 1.1547E-4
-6.5  -10 1.3966E-4
-6.5  -9.9  1.5688E-4
-6.5  -9.8  1.6463E-4
-6.5  -9.7  1.619E-4
-6.5  -9.6  1.4949E-4
-6.5  -9.5  1.2891E-4
-6.5  -9.4  1.0351E-4
-6.5  -9.3  7.6963E-5
-6.5  -9.2  5.2315E-5
-6.5  -9.1  3.1887E-5
-6.5  -9  1.6987E-5
-6.5  -8.9  7.5107E-6
-6.4  -11.4 8.4478E-6
-6.4  -11.3 1.0082E-5
-6.4  -11.2 1.0027E-5
-6.4  -11.1 8.0721E-6
-6.4  -10.6 1.2401E-5
-6.4  -10.5 2.8998E-5
-6.4  -10.4 5.3033E-5
-6.4  -10.3 8.2634E-5
-6.4  -10.2 1.1482E-4
-6.4  -10.1 1.4568E-4
-6.4  -10 1.7076E-4
-6.4  -9.9  1.8682E-4
-6.4  -9.8  1.9112E-4
-6.4  -9.7  1.8333E-4
-6.4  -9.6  1.6498E-4
-6.4  -9.5  1.3861E-4
-6.4  -9.4  1.0834E-4
-6.4  -9.3  7.8091E-5
-6.4  -9.2  5.101E-5
-6.4  -9.1  2.9576E-5
-6.4  -9  1.4593E-5
-6.3  -11.5 6.8522E-6
-6.3  -11.4 8.9361E-6
-6.3  -11.3 9.724E-6
-6.3  -11.2 8.7358E-6
-6.3  -11.1 6.0817E-6
-6.3  -10.7 7.643E-6
-6.3  -10.6 2.1445E-5
-6.3  -10.5 4.3576E-5
-6.3  -10.4 7.3098E-5
-6.3  -10.3 1.0754E-4
-6.3  -10.2 1.4302E-4
-6.3  -10.1 1.7512E-4
-6.3  -10 1.9931E-4
-6.3  -9.9  2.1233E-4
-6.3  -9.8  2.1195E-4
-6.3  -9.7  1.9877E-4
-6.3  -9.6  1.7473E-4
-6.3  -9.5  1.433E-4
-6.3  -9.4  1.0874E-4
-6.3  -9.3  7.5425E-5
-6.3  -9.2  4.6838E-5
-6.3  -9.1  2.527E-5
-6.3  -9  1.1287E-5
-6.3  -8.5  6.08E-6
-6.3  -8.4  6.6485E-6
-6.3  -8.3  6.1033E-6
-6.2  -11.5 7.4286E-6
-6.2  -11.4 8.8198E-6
-6.2  -11.3 8.732E-6
-6.2  -11.2 6.9053E-6
-6.2  -10.7 1.4673E-5
-6.2  -10.6 3.3667E-5
-6.2  -10.5 6.0793E-5
-6.2  -10.4 9.5017E-5
-6.2  -10.3 1.3277E-4
-6.2  -10.2 1.703E-4
-6.2  -10.1 2.0248E-4
-6.2  -10 2.2477E-4
-6.2  -9.9  2.34E-4
-6.2  -9.8  2.2849E-4
-6.2  -9.7  2.0927E-4
-6.2  -9.6  1.7936E-4
-6.2  -9.5  1.4275E-4
-6.2  -9.4  1.0456E-4
-6.2  -9.3  6.9401E-5
-6.2  -9.2  4.07E-5
-6.2  -9.1  2.0245E-5
-6.2  -9  8.0782E-6
-6.2  -8.6  7.3453E-6
-6.2  -8.5  8.9352E-6
-6.2  -8.4  9.0241E-6
-6.2  -8.3  7.771E-6
-6.1  -11.5 7.4151E-6
-6.1  -11.4 8.0215E-6
-6.1  -11.3 7.117E-6
-6.1  -10.8 8.7674E-6
-6.1  -10.7 2.3693E-5
-6.1  -10.6 4.7455E-5
-6.1  -10.5 7.9479E-5
-6.1  -10.4 1.177E-4
-6.1  -10.3 1.5832E-4
-6.1  -10.2 1.9618E-4
-6.1  -10.1 2.2673E-4
-6.1  -10 2.4523E-4
-6.1  -9.9  2.4898E-4
-6.1  -9.8  2.3722E-4
-6.1  -9.7  2.1168E-4
-6.1  -9.6  1.761E-4
-6.1  -9.5  1.3543E-4
-6.1  -9.4  9.5087E-5
-6.1  -9.3  5.9584E-5
-6.1  -9.2  3.2179E-5
-6.1  -9.1  1.4232E-5
-6.1  -8.7  7.9717E-6
-6.1  -8.6  1.081E-5
-6.1  -8.5  1.2072E-5
-6.1  -8.4  1.1381E-5
-6.1  -8.3  9.1906E-6
-6.1  -8.2  6.3925E-6
-6  -11.5 6.8249E-6
-6  -11.4 6.7154E-6
-6  -10.8 1.5517E-5
-6  -10.7 3.4832E-5
-6  -10.6 6.3038E-5
-6  -10.5 9.8586E-5
-6  -10.4 1.3936E-4
-6  -10.3 1.8061E-4
-6  -10.2 2.1721E-4
-6  -10.1 2.4419E-4
-6  -10 2.5727E-4
-6  -9.9  2.545E-4
-6  -9.8  2.3611E-4
-6  -9.7  2.0477E-4
-6  -9.6  1.6495E-4
-6  -9.5  1.2219E-4
-6  -9.4  8.183E-5
-6  -9.3  4.8186E-5
-6  -9.2  2.3801E-5
-6  -9.1  9.38E-6
-6  -8.8  7.8678E-6
-6  -8.7  1.2051E-5
-6  -8.6  1.4785E-5
-6  -8.5  1.5177E-5
-6  -8.4  1.3331E-5
-6  -8.3  1.0086E-5
-6  -8.2  6.4751E-6
-5.9  -10.9 9.1129E-6
-5.9  -10.8 2.3573E-5
-5.9  -10.7 4.6541E-5
-5.9  -10.6 7.8077E-5
-5.9  -10.5 1.1602E-4
-5.9  -10.4 1.5732E-4
-5.9  -10.3 1.9703E-4
-5.9  -10.2 2.3008E-4
-5.9  -10.1 2.5193E-4
-5.9  -10 2.5877E-4
-5.9  -9.9  2.4991E-4
-5.9  -9.8  2.2617E-4
-5.9  -9.7  1.9085E-4
-5.9  -9.6  1.4873E-4
-5.9  -9.5  1.0562E-4
-5.9  -9.4  6.6775E-5
-5.9  -9.3  3.6146E-5
-5.9  -9.2  1.5919E-5
-5.9  -8.9  7.0736E-6
-5.9  -8.8  1.2189E-5
-5.9  -8.7  1.655E-5
-5.9  -8.6  1.8472E-5
-5.9  -8.5  1.7592E-5
-5.9  -8.4  1.4479E-5
-5.9  -8.3  1.0169E-5
-5.8  -10.9 1.4678E-5
-5.8  -10.8 3.2231E-5
-5.8  -10.7 5.7947E-5
-5.8  -10.6 9.1373E-5
-5.8  -10.5 1.3003E-4
-5.8  -10.4 1.7031E-4
-5.8  -10.3 2.0743E-4
-5.8  -10.2 2.3625E-4
-5.8  -10.1 2.527E-4
-5.8  -10 2.5389E-4
-5.8  -9.9  2.3908E-4
-5.8  -9.8  2.1033E-4
-5.8  -9.7  1.7178E-4
-5.8  -9.6  1.2872E-4
-5.8  -9.5  8.6935E-5
-5.8  -9.4  5.1372E-5
-5.8  -9.3  2.5132E-5
-5.8  -9.2  9.9639E-6
-5.8  -8.9  1.1205E-5
-5.8  -8.8  1.7026E-5
-5.8  -8.7  2.0885E-5
-5.8  -8.6  2.1577E-5
-5.8  -8.5  1.9154E-5
-5.8  -8.4  1.4654E-5
-5.8  -8.3  9.4705E-6
-5.7  -11 8.1995E-6
-5.7  -10.9 2.0626E-5
-5.7  -10.8 4.0514E-5
-5.7  -10.7 6.8209E-5
-5.7  -10.6 1.0256E-4
-5.7  -10.5 1.4042E-4
-5.7  -10.4 1.7847E-4
-5.7  -10.3 2.1143E-4
-5.7  -10.2 2.3479E-4
-5.7  -10.1 2.4512E-4
-5.7  -10 2.3954E-4
-5.7  -9.9  2.1949E-4
-5.7  -9.8  1.8724E-4
-5.7  -9.7  1.4731E-4
-5.7  -9.6  1.0526E-4
-5.7  -9.5  6.6816E-5
-5.7  -9.4  3.6061E-5
-5.7  -9.3  1.5624E-5
-5.7  -9  9.4466E-6
-5.7  -8.9  1.6156E-5
-5.7  -8.8  2.183E-5
-5.7  -8.7  2.4516E-5
-5.7  -8.6  2.3591E-5
-5.7  -8.5  1.9564E-5
-5.7  -8.4  1.3863E-5
-5.7  -8.3  8.1239E-6
-5.6  -11 1.2276E-5
-5.6  -10.9 2.6721E-5
-5.6  -10.8 4.8148E-5
-5.6  -10.7 7.6477E-5
-5.6  -10.6 1.1002E-4
-5.6  -10.5 1.4575E-4
-5.6  -10.4 1.7957E-4
-5.6  -10.3 2.0716E-4
-5.6  -10.2 2.2412E-4
-5.6  -10.1 2.2797E-4
-5.6  -10 2.1722E-4
-5.6  -9.9  1.9314E-4
-5.6  -9.8  1.5922E-4
-5.6  -9.7  1.2019E-4
-5.6  -9.6  8.1455E-5
-5.6  -9.5  4.8319E-5
-5.6  -9.4  2.3737E-5
-5.6  -9.3  9.0461E-6
-5.6  -9.1  7.4943E-6
-5.6  -9  1.4168E-5
-5.6  -8.9  2.1346E-5
-5.6  -8.8  2.6213E-5
-5.6  -8.7  2.7185E-5
-5.6  -8.6  2.4298E-5
-5.6  -8.5  1.8659E-5
-5.6  -8.4  1.2058E-5
-5.6  -8.3  6.2455E-6
-5.6  -7.6  6.2726E-6
-5.5  -11.1 6.5851E-6
-5.5  -11 1.6094E-5
-5.5  -10.9 3.1574E-5
-5.5  -10.8 5.3386E-5
-5.5  -10.7 8.0714E-5
-5.5  -10.6 1.1205E-4
-5.5  -10.5 1.4403E-4
-5.5  -10.4 1.7291E-4
-5.5  -10.3 1.9462E-4
-5.5  -10.2 2.0572E-4
-5.5  -10.1 2.0412E-4
-5.5  -10 1.8952E-4
-5.5  -9.9  1.6376E-4
-5.5  -9.8  1.3039E-4
-5.5  -9.7  9.4136E-5
-5.5  -9.6  5.9906E-5
-5.5  -9.5  3.2359E-5
-5.5  -9.4  1.3896E-5
-5.5  -9.1  1.1435E-5
-5.5  -9  1.9249E-5
-5.5  -8.9  2.5817E-5
-5.5  -8.8  2.8931E-5
-5.5  -8.7  2.7833E-5
-5.5  -8.6  2.3206E-5
-5.5  -8.5  1.6407E-5
-5.5  -8.4  9.5207E-6
-5.5  -7.8  6.9082E-6
-5.5  -7.7  7.9623E-6
-5.5  -7.6  7.7917E-6
-5.5  -7.5  6.6044E-6
-5.4  -11.1 8.9028E-6
-5.4  -11 1.9211E-5
-5.4  -10.9 3.4906E-5
-5.4  -10.8 5.6065E-5
-5.4  -10.7 8.1691E-5
-5.4  -10.6 1.0993E-4
-5.4  -10.5 1.3756E-4
-5.4  -10.4 1.6139E-4
-5.4  -10.3 1.7774E-4
-5.4  -10.2 1.8371E-4
-5.4  -10.1 1.7795E-4
-5.4  -10 1.6058E-4
-5.4  -9.9  1.3406E-4
-5.4  -9.8  1.0221E-4
-5.4  -9.7  6.9655E-5
-5.4  -9.6  4.1015E-5
-5.4  -9.5  1.9935E-5
-5.4  -9.4  7.8995E-6
-5.4  -9.2  8.4211E-6
-5.4  -9.1  1.5932E-5
-5.4  -9  2.3679E-5
-5.4  -8.9  2.8976E-5
-5.4  -8.8  3.0096E-5
-5.4  -8.7  2.6964E-5
-5.4  -8.6  2.0741E-5
-5.4  -8.5  1.3368E-5
-5.4  -8.4  6.8371E-6
-5.4  -7.9  7.3161E-6
-5.4  -7.8  9.2875E-6
-5.4  -7.7  9.862E-6
-5.4  -7.6  8.9996E-6
-5.4  -7.5  7.1496E-6
-5.3  -11.1 1.084E-5
-5.3  -11 2.1305E-5
-5.3  -10.9 3.649E-5
-5.3  -10.8 5.6248E-5
-5.3  -10.7 7.94E-5
-5.3  -10.6 1.0402E-4
-5.3  -10.5 1.2705E-4
-5.3  -10.4 1.456E-4
-5.3  -10.3 1.5646E-4
-5.3  -10.2 1.5759E-4
-5.3  -10.1 1.4831E-4
-5.3  -10 1.2958E-4
-5.3  -9.9  1.0405E-4
-5.3  -9.8  7.5452E-5
-5.3  -9.7  4.8121E-5
-5.3  -9.6  2.5709E-5
-5.3  -9.5  1.0923E-5
-5.3  -9.2  1.2145E-5
-5.3  -9.1  2.0275E-5
-5.3  -9  2.7108E-5
-5.3  -8.9  3.0517E-5
-5.3  -8.8  2.9475E-5
-5.3  -8.7  2.4511E-5
-5.3  -8.6  1.7373E-5
-5.3  -8.5  1E-5
-5.3  -8  7.1069E-6
-5.3  -7.9  9.963E-6
-5.3  -7.8  1.1483E-5
-5.3  -7.7  1.1309E-5
-5.3  -7.6  9.6505E-6
-5.3  -7.5  7.1879E-6
-5.2  -11.1 1.2119E-5
-5.2  -11 2.2286E-5
-5.2  -10.9 3.6358E-5
-5.2  -10.8 5.3968E-5
-5.2  -10.7 7.3719E-5
-5.2  -10.6 9.4001E-5
-5.2  -10.5 1.1214E-4
-5.2  -10.4 1.2529E-4
-5.2  -10.3 1.3159E-4
-5.2  -10.2 1.2921E-4
-5.2  -10.1 1.1823E-4
-5.2  -10 9.9796E-5
-5.2  -9.9  7.6811E-5
-5.2  -9.8  5.2628E-5
-5.2  -9.7  3.1108E-5
-5.2  -9.6  1.4938E-5
-5.2  -9.5  6.0037E-6
-5.2  -9.3  8.6362E-6
-5.2  -9.2  1.6136E-5
-5.2  -9.1  2.3837E-5
-5.2  -9  2.9061E-5
-5.2  -8.9  3.0238E-5
-5.2  -8.8  2.7169E-5
-5.2  -8.7  2.0882E-5
-5.2  -8.6  1.3337E-5
-5.2  -8.5  6.6373E-6
-5.2  -8.1  6.2595E-6
-5.2  -8  9.8257E-6
-5.2  -7.9  1.2374E-5
-5.2  -7.8  1.3193E-5
-5.2  -7.7  1.2215E-5
-5.2  -7.6  9.8145E-6
-5.2  -7.5  6.8251E-6
-5.1  -11.2 6.1951E-6
-5.1  -11.1 1.2368E-5
-5.1  -11 2.1465E-5
-5.1  -10.9 3.3719E-5
-5.1  -10.8 4.864E-5
-5.1  -10.7 6.5036E-5
-5.1  -10.6 8.1157E-5
-5.1  -10.5 9.4811E-5
-5.1  -10.4 1.0385E-4
-5.1  -10.3 1.0662E-4
-5.1  -10.2 1.0195E-4
-5.1  -10.1 9.07E-5
-5.1  -10 7.3885E-5
-5.1  -9.9  5.4223E-5
-5.1  -9.8  3.465E-5
-5.1  -9.7  1.8455E-5
-5.1  -9.6  7.8815E-6
-5.1  -9.3  1.1796E-5
-5.1  -9.2  1.9381E-5
-5.1  -9.1  2.5745E-5
-5.1  -9  2.8888E-5
-5.1  -8.9  2.7862E-5
-5.1  -8.8  2.3177E-5
-5.1  -8.7  1.6307E-5
-5.1  -8.6  9.2691E-6
-5.1  -8.1  9.0713E-6
-5.1  -8  1.2626E-5
-5.1  -7.9  1.457E-5
-5.1  -7.8  1.4448E-5
-5.1  -7.7  1.2502E-5
-5.1  -7.6  9.3852E-6
-5.1  -7.5  6.0773E-6
-5  -11.2 6.2494E-6
-5  -11.1 1.1783E-5
-5  -11 1.9737E-5
-5  -10.9 3.0037E-5
-5  -10.8 4.2271E-5
-5  -10.7 5.5204E-5
-5  -10.6 6.7658E-5
-5  -10.5 7.7576E-5
-5  -10.4 8.3288E-5
-5  -10.3 8.3572E-5
-5  -10.2 7.7918E-5
-5  -10.1 6.6919E-5
-5  -10 5.2079E-5
-5  -9.9  3.5982E-5
-5  -9.8  2.1083E-5
-5  -9.7  9.9689E-6
-5  -9.4  7.8617E-6
-5  -9.3  1.4526E-5
-5  -9.2  2.1211E-5
-5  -9.1  2.5805E-5
-5  -9  2.6928E-5
-5  -8.9  2.4196E-5
-5  -8.8  1.8576E-5
-5  -8.7  1.1777E-5
-5  -8.2  7.7186E-6
-5  -8.1  1.1918E-5
-5  -8  1.4962E-5
-5  -7.9  1.5945E-5
-5  -7.8  1.4772E-5
-5  -7.7  1.1953E-5
-5  -7.6  8.3565E-6
-4.9  -11.1 1.0481E-5
-4.9  -11 1.704E-5
-4.9  -10.9 2.5407E-5
-4.9  -10.8 3.5075E-5
-4.9  -10.7 4.4987E-5
-4.9  -10.6 5.4027E-5
-4.9  -10.5 6.0687E-5
-4.9  -10.4 6.3605E-5
-4.9  -10.3 6.2192E-5
-4.9  -10.2 5.6147E-5
-4.9  -10.1 4.6327E-5
-4.9  -10 3.4274E-5
-4.9  -9.9  2.2126E-5
-4.9  -9.8  1.1763E-5
-4.9  -9.4  1.0048E-5
-4.9  -9.3  1.6398E-5
-4.9  -9.2  2.1724E-5
-4.9  -9.1  2.441E-5
-4.9  -9  2.3729E-5
-4.9  -8.9  1.9739E-5
-4.9  -8.8  1.3866E-5
-4.9  -8.7  7.7531E-6
-4.9  -8.2  1.0405E-5
-4.9  -8.1  1.4304E-5
-4.9  -8  1.6457E-5
-4.9  -7.9  1.6335E-5
-4.9  -7.8  1.4151E-5
-4.9  -7.7  1.0686E-5
-4.9  -7.6  6.943E-6
-4.8  -11.1 8.7406E-6
-4.8  -11 1.386E-5
-4.8  -10.9 2.0232E-5
-4.8  -10.8 2.74E-5
-4.8  -10.7 3.4556E-5
-4.8  -10.6 4.0772E-5
-4.8  -10.5 4.4939E-5
-4.8  -10.4 4.617E-5
-4.8  -10.3 4.4033E-5
-4.8  -10.2 3.8529E-5
-4.8  -10.1 3.0469E-5
-4.8  -10 2.1267E-5
-4.8  -9.9  1.2556E-5
-4.8  -9.5  6.4764E-6
-4.8  -9.4  1.1756E-5
-4.8  -9.3  1.7161E-5
-4.8  -9.2  2.0824E-5
-4.8  -9.1  2.1755E-5
-4.8  -9  1.9615E-5
-4.8  -8.9  1.5014E-5
-4.8  -8.8  9.4171E-6
-4.8  -8.3  8.3626E-6
-4.8  -8.2  1.2678E-5
-4.8  -8.1  1.5831E-5
-4.8  -8  1.6933E-5
-4.8  -7.9  1.5797E-5
-4.8  -7.8  1.2856E-5
-4.8  -7.7  9.0643E-6
-4.7  -11.1 6.6433E-6
-4.7  -11 1.0416E-5
-4.7  -10.9 1.5045E-5
-4.7  -10.8 2.0209E-5
-4.7  -10.7 2.525E-5
-4.7  -10.6 2.9414E-5
-4.7  -10.5 3.1923E-5
-4.7  -10.4 3.2123E-5
-4.7  -10.3 2.9839E-5
-4.7  -10.2 2.5191E-5
-4.7  -10.1 1.8995E-5
-4.7  -10 1.233E-5
-4.7  -9.9  6.5543E-6
-4.7  -9.5  7.7098E-6
-4.7  -9.4  1.2471E-5
-4.7  -9.3  1.6516E-5
-4.7  -9.2  1.8526E-5
-4.7  -9.1  1.7955E-5
-4.7  -9  1.4972E-5
-4.7  -8.9  1.0402E-5
-4.7  -8.4  6.2397E-6
-4.7  -8.3  1.0599E-5
-4.7  -8.2  1.4486E-5
-4.7  -8.1  1.6705E-5
-4.7  -8  1.6667E-5
-4.7  -7.9  1.4551E-5
-4.7  -7.8  1.1054E-5
-4.7  -7.7  7.2367E-6
-4.7  -6.9  6.561E-6
-4.7  -6.8  6.6998E-6
-4.7  -6.7  6.4571E-6
-4.6  -11 7.3582E-6
-4.6  -10.9 1.0684E-5
-4.6  -10.8 1.4246E-5
-4.6  -10.7 1.7612E-5
-4.6  -10.6 2.027E-5
-4.6  -10.5 2.1641E-5
-4.6  -10.4 2.1316E-5
-4.6  -10.3 1.9197E-5
-4.6  -10.2 1.5516E-5
-4.6  -10.1 1.0969E-5
-4.6  -10 6.5144E-6
-4.6  -9.5  8.3203E-6
-4.6  -9.4  1.2084E-5
-4.6  -9.3  1.4742E-5
-4.6  -9.2  1.5454E-5
-4.6  -9.1  1.3947E-5
-4.6  -9  1.0697E-5
-4.6  -8.9  6.6586E-6
-4.6  -8.4  8.2381E-6
-4.6  -8.3  1.2319E-5
-4.6  -8.2  1.538E-5
-4.6  -8.1  1.6385E-5
-4.6  -8  1.5308E-5
-4.6  -7.9  1.2503E-5
-4.6  -7.8  8.8335E-6
-4.6  -7.1  6.0863E-6
-4.6  -7  7.0866E-6
-4.6  -6.9  7.5877E-6
-4.6  -6.8  7.6266E-6
-4.6  -6.7  7.2661E-6
-4.6  -6.6  6.5477E-6
-4.5  -10.9 6.9253E-6
-4.5  -10.8 9.2529E-6
-4.5  -10.7 1.1378E-5
-4.5  -10.6 1.301E-5
-4.5  -10.5 1.3662E-5
-4.5  -10.4 1.3139E-5
-4.5  -10.3 1.1427E-5
-4.5  -10.2 8.7943E-6
-4.5  -9.5  8.2564E-6
-4.5  -9.4  1.0989E-5
-4.5  -9.3  1.2466E-5
-4.5  -9.2  1.2179E-5
-4.5  -9.1  1.0174E-5
-4.5  -9  7.0598E-6
-4.5  -8.4  9.7193E-6
-4.5  -8.3  1.3149E-5
-4.5  -8.2  1.5141E-5
-4.5  -8.1  1.5133E-5
-4.5  -8  1.3223E-5
-4.5  -7.9  1.0084E-5
-4.5  -7.8  6.6253E-6
-4.5  -7.1  7.2659E-6
-4.5  -7  8.1625E-6
-4.5  -6.9  8.534E-6
-4.5  -6.8  8.4377E-6
-4.5  -6.7  7.9067E-6
-4.5  -6.6  6.952E-6
-4.5  -5.6  6.5687E-6
-4.5  -5.5  6.9867E-6
-4.5  -5.4  6.4138E-6
-4.4  -10.7 6.8213E-6
-4.4  -10.6 7.7238E-6
-4.4  -10.5 8.0534E-6
-4.4  -10.4 7.5931E-6
-4.4  -10.3 6.3893E-6
-4.4  -9.5  7.5773E-6
-4.4  -9.4  9.3121E-6
-4.4  -9.3  9.81E-6
-4.4  -9.2  8.9041E-6
-4.4  -9.1  6.8099E-6
-4.4  -8.5  7.1102E-6
-4.4  -8.4  1.0526E-5
-4.4  -8.3  1.3074E-5
-4.4  -8.2  1.407E-5
-4.4  -8.1  1.3219E-5
-4.4  -8  1.0858E-5
-4.4  -7.9  7.7531E-6
-4.4  -7.2  6.9856E-6
-4.4  -7.1  8.2271E-6
-4.4  -7  8.9559E-6
-4.4  -6.9  9.1755E-6
-4.4  -6.8  8.9298E-6
-4.4  -6.7  8.2188E-6
-4.4  -6.6  7.013E-6
-4.4  -5.7  8.0773E-6
-4.4  -5.6  9.3341E-6
-4.4  -5.5  9.2767E-6
-4.4  -5.4  7.9616E-6
-4.3  -9.5  6.3416E-6
-4.3  -9.4  7.2547E-6
-4.3  -9.3  7.1186E-6
-4.3  -8.5  7.9434E-6
-4.3  -8.4  1.0734E-5
-4.3  -8.3  1.2405E-5
-4.3  -8.2  1.2501E-5
-4.3  -8.1  1.1012E-5
-4.3  -8  8.4449E-6
-4.3  -7.3  6.293E-6
-4.3  -7.2  7.8093E-6
-4.3  -7.1  8.9021E-6
-4.3  -7  9.5096E-6
-4.3  -6.9  9.6363E-6
-4.3  -6.8  9.2587E-6
-4.3  -6.7  8.3241E-6
-4.3  -6.6  6.8198E-6
-4.3  -5.8  9.0187E-6
-4.3  -5.7  1.134E-5
-4.3  -5.6  1.2201E-5
-4.3  -5.5  1.1325E-5
-4.3  -5.4  8.9982E-6
-4.2  -8.5  8.1643E-6
-4.2  -8.4  1.016E-5
-4.2  -8.3  1.0932E-5
-4.2  -8.2  1.0313E-5
-4.2  -8.1  8.5028E-6
-4.2  -8  6.0817E-6
-4.2  -7.3  7.0888E-6
-4.2  -7.2  8.4847E-6
-4.2  -7.1  9.4523E-6
-4.2  -7  9.9499E-6
-4.2  -6.9  9.9409E-6
-4.2  -6.8  9.3506E-6
-4.2  -6.7  8.1308E-6
-4.2  -6.6  6.2608E-6
-4.2  -5.9  9.2194E-6
-4.2  -5.8  1.2677E-5
-4.2  -5.7  1.4749E-5
-4.2  -5.6  1.4832E-5
-4.2  -5.5  1.2889E-5
-4.2  -5.4  9.436E-6
-4.2  -1.5  6.0417E-6
-4.2  -1.4  7.5551E-6
-4.2  -1.3  8.2944E-6
-4.2  -1.2  8.0611E-6
-4.2  -1.1  6.995E-6
-4.1  -8.5  7.6954E-6
-4.1  -8.4  8.9194E-6
-4.1  -8.3  9.0347E-6
-4.1  -8.2  8.0075E-6
-4.1  -8.1  6.1866E-6
-4.1  -7.4  6.1187E-6
-4.1  -7.3  7.7063E-6
-4.1  -7.2  8.9462E-6
-4.1  -7.1  9.7639E-6
-4.1  -7  1.0111E-5
-4.1  -6.9  9.9011E-6
-4.1  -6.8  9.0263E-6
-4.1  -6.7  7.4372E-6
-4.1  -6  8.7489E-6
-4.1  -5.9  1.3252E-5
-4.1  -5.8  1.6804E-5
-4.1  -5.7  1.8248E-5
-4.1  -5.6  1.7158E-5
-4.1  -5.5  1.3772E-5
-4.1  -5.4  9.0551E-6
-4.1  -4.7  7.0002E-6
-4.1  -4.6  7.2864E-6
-4.1  -4.5  6.2564E-6
-4.1  -1.6  6.9183E-6
-4.1  -1.5  9.8491E-6
-4.1  -1.4  1.2243E-5
-4.1  -1.3  1.3573E-5
-4.1  -1.2  1.3527E-5
-4.1  -1.1  1.215E-5
-4.1  -1  9.8181E-6
-4.1  -0.9  7.0789E-6
-4  -8.5  6.8056E-6
-4  -8.4  7.4097E-6
-4  -8.3  7.0996E-6
-4  -7.4  6.5612E-6
-4  -7.3  7.9513E-6
-4  -7.2  9.0011E-6
-4  -7.1  9.6503E-6
-4  -7  9.8226E-6
-4  -6.9  9.3911E-6
-4  -6.8  8.2334E-6
-4  -6.7  6.3758E-6
-4  -6.1  7.6631E-6
-4  -6  1.2937E-5
-4  -5.9  1.781E-5
-4  -5.8  2.0855E-5
-4  -5.7  2.0997E-5
-4  -5.6  1.8227E-5
-4  -5.5  1.3337E-5
-4  -5.4  7.6385E-6
-4  -4.9  6.0109E-6
-4  -4.8  8.9453E-6
-4  -4.7  1.0401E-5
-4  -4.6  9.8989E-6
-4  -4.5  7.7967E-6
-4  -1.7  6.4903E-6
-4  -1.6  1.052E-5
-4  -1.5  1.4646E-5
-4  -1.4  1.8027E-5
-4  -1.3  1.9901E-5
-4  -1.2  1.987E-5
-4  -1.1  1.7997E-5
-4  -1  1.4813E-5
-4  -0.9  1.101E-5
-4  -0.8  7.3309E-6
-3.9  -7.4  6.6704E-6
-3.9  -7.3  7.8874E-6
-3.9  -7.2  8.8042E-6
-3.9  -7.1  9.3409E-6
-3.9  -7  9.3618E-6
-3.9  -6.9  8.7089E-6
-3.9  -6.8  7.2688E-6
-3.9  -6.2  6.0844E-6
-3.9  -6.1  1.157E-5
-3.9  -6  1.7353E-5
-3.9  -5.9  2.1877E-5
-3.9  -5.8  2.3832E-5
-3.9  -5.7  2.2367E-5
-3.9  -5.6  1.7848E-5
-3.9  -5.5  1.1604E-5
-3.9  -4.9  1.0311E-5
-3.9  -4.8  1.3386E-5
-3.9  -4.7  1.4153E-5
-3.9  -4.6  1.2295E-5
-3.9  -4.5  8.7377E-6
-3.9  -1.7  9.0817E-6
-3.9  -1.6  1.4192E-5
-3.9  -1.5  1.9323E-5
-3.9  -1.4  2.3497E-5
-3.9  -1.3  2.5798E-5
-3.9  -1.2  2.5803E-5
-3.9  -1.1  2.3567E-5
-3.9  -1  1.9703E-5
-3.9  -0.9  1.5021E-5
-3.9  -0.8  1.0341E-5
-3.9  -0.7  6.3265E-6
-3.8  -7.4  6.6469E-6
-3.8  -7.3  7.7245E-6
-3.8  -7.2  8.5113E-6
-3.8  -7.1  8.8906E-6
-3.8  -7  8.6684E-6
-3.8  -6.9  7.7053E-6
-3.8  -6.2  9.4322E-6
-3.8  -6.1  1.572E-5
-3.8  -6  2.1557E-5
-3.8  -5.9  2.5263E-5
-3.8  -5.8  2.5679E-5
-3.8  -5.7  2.2311E-5
-3.8  -5.6  1.6223E-5
-3.8  -5.5  9.148E-6
-3.8  -5  1.0722E-5
-3.8  -4.9  1.5694E-5
-3.8  -4.8  1.8214E-5
-3.8  -4.7  1.7398E-5
-3.8  -4.6  1.3705E-5
-3.8  -4.5  8.5482E-6
-3.8  -3.9  6.6175E-6
-3.8  -3.8  7.7769E-6
-3.8  -3.7  7.3447E-6
-3.8  -1.7  1.0727E-5
-3.8  -1.6  1.6559E-5
-3.8  -1.5  2.2457E-5
-3.8  -1.4  2.7405E-5
-3.8  -1.3  3.0404E-5
-3.8  -1.2  3.083E-5
-3.8  -1.1  2.8645E-5
-3.8  -1  2.43E-5
-3.8  -0.9  1.8713E-5
-3.8  -0.8  1.2919E-5
-3.8  -0.7  7.8512E-6
-3.7  -7.4  6.4138E-6
-3.7  -7.3  7.3138E-6
-3.7  -7.2  7.9184E-6
-3.7  -7.1  8.0698E-6
-3.7  -7  7.5874E-6
-3.7  -6.9  6.3497E-6
-3.7  -6.3  7.1496E-6
-3.7  -6.2  1.3369E-5
-3.7  -6.1  2.0068E-5
-3.7  -6  2.5461E-5
-3.7  -5.9  2.7855E-5
-3.7  -5.8  2.6312E-5
-3.7  -5.7  2.1006E-5
-3.7  -5.6  1.3463E-5
-3.7  -5.5  6.0185E-6
-3.7  -5.1  9.8212E-6
-3.7  -5  1.6527E-5
-3.7  -4.9  2.1168E-5
-3.7  -4.8  2.223E-5
-3.7  -4.7  1.9546E-5
-3.7  -4.6  1.3863E-5
-3.7  -4.5  7.3863E-6
-3.7  -4  8.6839E-6
-3.7  -3.9  1.1556E-5
-3.7  -3.8  1.2189E-5
-3.7  -3.7  1.0526E-5
-3.7  -3.6  7.3847E-6
-3.7  -1.7  1.078E-5
-3.7  -1.6  1.7087E-5
-3.7  -1.5  2.3796E-5
-3.7  -1.4  2.9713E-5
-3.7  -1.3  3.3521E-5
-3.7  -1.2  3.429E-5
-3.7  -1.1  3.1837E-5
-3.7  -1  2.6815E-5
-3.7  -0.9  2.0392E-5
-3.7  -0.8  1.387E-5
-3.7  -0.7  8.2899E-6
-3.6  -7.3  6.6071E-6
-3.6  -7.2  7.0285E-6
-3.6  -7.1  6.9826E-6
-3.6  -7  6.2564E-6
-3.6  -6.3  1.0605E-5
-3.6  -6.2  1.7556E-5
-3.6  -6.1  2.4059E-5
-3.6  -6  2.824E-5
-3.6  -5.9  2.86E-5
-3.6  -5.8  2.4755E-5
-3.6  -5.7  1.7713E-5
-3.6  -5.6  9.5886E-6
-3.6  -5.2  8.0474E-6
-3.6  -5.1  1.5993E-5
-3.6  -5  2.3125E-5
-3.6  -4.9  2.6912E-5
-3.6  -4.8  2.5895E-5
-3.6  -4.7  2.0504E-5
-3.6  -4.6  1.2713E-5
-3.6  -4.1  9.7474E-6
-3.6  -4  1.4866E-5
-3.6  -3.9  1.7658E-5
-3.6  -3.8  1.6923E-5
-3.6  -3.7  1.3362E-5
-3.6  -3.6  8.3513E-6
-3.6  -1.7  8.9149E-6
-3.6  -1.6  1.5195E-5
-3.6  -1.5  2.2093E-5
-3.6  -1.4  2.8247E-5
-3.6  -1.3  3.2263E-5
-3.6  -1.2  3.3156E-5
-3.6  -1.1  3.0841E-5
-3.6  -1  2.6039E-5
-3.6  -0.9  1.9836E-5
-3.6  -0.8  1.3461E-5
-3.6  -0.7  7.9267E-6
-3.5  -7.2  6.1385E-6
-3.5  -6.4  7.6617E-6
-3.5  -6.3  1.4075E-5
-3.5  -6.2  2.0914E-5
-3.5  -6.1  2.6327E-5
-3.5  -6  2.8678E-5
-3.5  -5.9  2.6995E-5
-3.5  -5.8  2.1307E-5
-3.5  -5.7  1.3361E-5
-3.5  -5.2  1.4279E-5
-3.5  -5.1  2.3486E-5
-3.5  -5  3.0078E-5
-3.5  -4.9  3.1639E-5
-3.5  -4.8  2.7567E-5
-3.5  -4.7  1.9381E-5
-3.5  -4.6  9.9517E-6
-3.5  -4.2  9.4777E-6
-3.5  -4.1  1.7162E-5
-3.5  -4  2.2867E-5
-3.5  -3.9  2.4572E-5
-3.5  -3.8  2.1721E-5
-3.5  -3.7  1.5445E-5
-3.5  -3.6  8.3196E-6
-3.5  -3.1  8.1655E-6
-3.5  -3  1.0594E-5
-3.5  -2.9  1.0793E-5
-3.5  -2.8  8.8848E-6
-3.5  -1.6  1.0072E-5
-3.5  -1.5  1.6273E-5
-3.5  -1.4  2.228E-5
-3.5  -1.3  2.673E-5
-3.5  -1.2  2.8552E-5
-3.5  -1.1  2.74E-5
-3.5  -1  2.3675E-5
-3.5  -0.9  1.823E-5
-3.5  -0.8  1.2235E-5
-3.5  -0.7  6.8827E-6
-3.4  -6.4  1.0358E-5
-3.4  -6.3  1.6951E-5
-3.4  -6.2  2.3198E-5
-3.4  -6.1  2.7275E-5
-3.4  -6  2.7776E-5
-3.4  -5.9  2.4093E-5
-3.4  -5.8  1.7068E-5
-3.4  -5.7  8.9687E-6
-3.4  -5.3  1.141E-5
-3.4  -5.2  2.1746E-5
-3.4  -5.1  3.0892E-5
-3.4  -5  3.5487E-5
-3.4  -4.9  3.3826E-5
-3.4  -4.8  2.6368E-5
-3.4  -4.7  1.5877E-5
-3.4  -4.6  6.1661E-6
-3.4  -4.3  8.0122E-6
-3.4  -4.2  1.7883E-5
-3.4  -4.1  2.7232E-5
-3.4  -4  3.2526E-5
-3.4  -3.9  3.2022E-5
-3.4  -3.8  2.565E-5
-3.4  -3.7  1.6014E-5
-3.4  -3.6  6.7855E-6
-3.4  -3.2  1.0778E-5
-3.4  -3.1  1.6435E-5
-3.4  -3  1.9177E-5
-3.4  -2.9  1.8234E-5
-3.4  -2.8  1.42E-5
-3.4  -2.7  8.7961E-6
-3.4  -1.5  8.6598E-6
-3.4  -1.4  1.4227E-5
-3.4  -1.3  1.9166E-5
-3.4  -1.2  2.2104E-5
-3.4  -1.1  2.2153E-5
-3.4  -1  1.9318E-5
-3.4  -0.9  1.4606E-5
-3.4  -0.8  9.3733E-6
-3.3  -6.5  7.1788E-6
-3.3  -6.4  1.3039E-5
-3.3  -6.3  1.9445E-5
-3.3  -6.2  2.4718E-5
-3.3  -6.1  2.7009E-5
-3.3  -6  2.545E-5
-3.3  -5.9  2.0054E-5
-3.3  -5.8  1.2264E-5
-3.3  -5.4  7.8617E-6
-3.3  -5.3  1.8113E-5
-3.3  -5.2  2.8883E-5
-3.3  -5.1  3.6502E-5
-3.3  -5  3.8054E-5
-3.3  -4.9  3.299E-5
-3.3  -4.8  2.291E-5
-3.3  -4.7  1.1332E-5
-3.3  -4.3  1.6879E-5
-3.3  -4.2  2.9808E-5
-3.3  -4.1  3.9571E-5
-3.3  -4  4.2446E-5
-3.3  -3.9  3.7557E-5
-3.3  -3.8  2.6609E-5
-3.3  -3.7  1.387E-5
-3.3  -3.3  1.2033E-5
-3.3  -3.2  2.2019E-5
-3.3  -3.1  2.975E-5
-3.3  -3  3.2177E-5
-3.3  -2.9  2.8456E-5
-3.3  -2.8  2.0335E-5
-3.3  -2.7  1.0877E-5
-3.3  -2.2  9.1312E-6
-3.3  -2.1  1.1411E-5
-3.3  -2  1.1011E-5
-3.3  -1.9  8.1378E-6
-3.3  -1.3  1.0203E-5
-3.3  -1.2  1.3309E-5
-3.3  -1.1  1.4176E-5
-3.3  -1  1.2747E-5
-3.3  -0.9  9.7781E-6
-3.3  -0.8  6.1868E-6
-3.2  -6.5  9.315E-6
-3.2  -6.4  1.5181E-5
-3.2  -6.3  2.079E-5
-3.2  -6.2  2.4448E-5
-3.2  -6.1  2.471E-5
-3.2  -6  2.1193E-5
-3.2  -5.9  1.4717E-5
-3.2  -5.8  7.3213E-6
-3.2  -5.4  1.3757E-5
-3.2  -5.3  2.5308E-5
-3.2  -5.2  3.5611E-5
-3.2  -5.1  4.1049E-5
-3.2  -5  3.9191E-5
-3.2  -4.9  3.0497E-5
-3.2  -4.8  1.7961E-5
-3.2  -4.7  6.3788E-6
-3.2  -4.4  1.374E-5
-3.2  -4.3  2.8807E-5
-3.2  -4.2  4.2809E-5
-3.2  -4.1  5.062E-5
-3.2  -4  4.9262E-5
-3.2  -3.9  3.9231E-5
-3.2  -3.8  2.4215E-5
-3.2  -3.7  9.702E-6
-3.2  -3.4  1.1296E-5
-3.2  -3.3  2.6174E-5
-3.2  -3.2  4.0477E-5
-3.2  -3.1  4.8967E-5
-3.2  -3  4.8312E-5
-3.2  -2.9  3.8624E-5
-3.2  -2.8  2.4404E-5
-3.2  -2.7  1.0624E-5
-3.2  -2.4  6.6422E-6
-3.2  -2.3  1.7117E-5
-3.2  -2.2  2.7702E-5
-3.2  -2.1  3.4682E-5
-3.2  -2  3.5757E-5
-3.2  -1.9  3.0946E-5
-3.2  -1.8  2.1825E-5
-3.2  -1.7  1.216E-5
-3.2  -1.1  6.9489E-6
-3.2  -1  7.1824E-6
-3.1  -6.6  6.0201E-6
-3.1  -6.5  1.0789E-5
-3.1  -6.4  1.5964E-5
-3.1  -6.3  2.021E-5
-3.1  -6.2  2.2097E-5
-3.1  -6.1  2.0678E-5
-3.1  -6  1.6094E-5
-3.1  -5.9  9.5715E-6
-3.1  -5.5  9.3886E-6
-3.1  -5.4  2.0785E-5
-3.1  -5.3  3.2688E-5
-3.1  -5.2  4.1062E-5
-3.1  -5.1  4.2905E-5
-3.1  -5  3.6592E-5
-3.1  -4.9  2.4809E-5
-3.1  -4.8  1.1491E-5
-3.1  -4.5  9.4282E-6
-3.1  -4.4  2.4971E-5
-3.1  -4.3  4.2826E-5
-3.1  -4.2  5.6473E-5
-3.1  -4.1  6.0757E-5
-3.1  -4  5.4043E-5
-3.1  -3.9  3.8315E-5
-3.1  -3.8  1.9552E-5
-3.1  -3.5  8.6636E-6
-3.1  -3.4  2.6656E-5
-3.1  -3.3  4.7925E-5
-3.1  -3.2  6.4391E-5
-3.1  -3.1  7.0268E-5
-3.1  -3  6.3097E-5
-3.1  -2.9  4.5686E-5
-3.1  -2.8  2.4527E-5
-3.1  -2.7  7.303E-6
-3.1  -2.5  6.4283E-6
-3.1  -2.4  2.4095E-5
-3.1  -2.3  4.801E-5
-3.1  -2.2  7.0911E-5
-3.1  -2.1  8.5712E-5
-3.1  -2  8.9129E-5
-3.1  -1.9  7.9204E-5
-3.1  -1.8  6.1873E-5
-3.1  -1.7  4.1782E-5
-3.1  -1.6  2.3926E-5
-3.1  -1.5  1.0485E-5
-3  -6.6  7.0706E-6
-3  -6.5  1.1514E-5
-3  -6.4  1.587E-5
-3  -6.3  1.8828E-5
-3  -6.2  1.9238E-5
-3  -6.1  1.6565E-5
-3  -6  1.1368E-5
-3  -5.5  1.5285E-5
-3  -5.4  2.7263E-5
-3  -5.3  3.7528E-5
-3  -5.2  4.2541E-5
-3  -5.1  4.0057E-5
-3  -5  3.0528E-5
-3  -4.9  1.7231E-5
-3  -4.5  1.998E-5
-3  -4.4  4.0059E-5
-3  -4.3  5.9404E-5
-3  -4.2  7.038E-5
-3  -4.1  6.8909E-5
-3  -4  5.5004E-5
-3  -3.9  3.312E-5
-3  -3.8  1.2264E-5
-3  -3.5  2.2928E-5
-3  -3.4  4.9937E-5
-3  -3.3  7.6198E-5
-3  -3.2  9.25E-5
-3  -3.1  9.2893E-5
-3  -3  7.6734E-5
-3  -2.9  4.9354E-5
-3  -2.8  2.1119E-5
-3  -2.5  2.6316E-5
-3  -2.4  6.5174E-5
-3  -2.3  1.1017E-4
-3  -2.2  1.4949E-4
-3  -2.1  1.7338E-4
-3  -2  1.7772E-4
-3  -1.9  1.6403E-4
-3  -1.8  1.3697E-4
-3  -1.7  1.029E-4
-3  -1.6  6.9655E-5
-3  -1.5  4E-5
-3  -1.4  1.8112E-5
-3  -1.3  6.1319E-6
-2.9  -6.6  7.8786E-6
-2.9  -6.5  1.1803E-5
-2.9  -6.4  1.5085E-5
-2.9  -6.3  1.6678E-5
-2.9  -6.2  1.5638E-5
-2.9  -6.1  1.2045E-5
-2.9  -6  6.8845E-6
-2.9  -5.6  9.8017E-6
-2.9  -5.5  2.0542E-5
-2.9  -5.4  3.1678E-5
-2.9  -5.3  3.9379E-5
-2.9  -5.2  4.0754E-5
-2.9  -5.1  3.4753E-5
-2.9  -5  2.3146E-5
-2.9  -4.9  1.0263E-5
-2.9  -4.6  1.3783E-5
-2.9  -4.5  3.4441E-5
-2.9  -4.4  5.7508E-5
-2.9  -4.3  7.4995E-5
-2.9  -4.2  7.9785E-5
-2.9  -4.1  6.9622E-5
-2.9  -4  4.8103E-5
-2.9  -3.9  2.3044E-5
-2.9  -3.6  1.6655E-5
-2.9  -3.5  4.7468E-5
-2.9  -3.4  8.4148E-5
-2.9  -3.3  1.1494E-4
-2.9  -3.2  1.2824E-4
-2.9  -3.1  1.1787E-4
-2.9  -3  8.6774E-5
-2.9  -2.9  4.5945E-5
-2.9  -2.8  1.1971E-5
-2.9  -2.6  2.0164E-5
-2.9  -2.5  7.0276E-5
-2.9  -2.4  1.4023E-4
-2.9  -2.3  2.1593E-4
-2.9  -2.2  2.8363E-4
-2.9  -2.1  3.289E-4
-2.9  -2  3.4373E-4
-2.9  -1.9  3.272E-4
-2.9  -1.8  2.7767E-4
-2.9  -1.7  2.124E-4
-2.9  -1.6  1.4439E-4
-2.9  -1.5  8.6657E-5
-2.9  -1.4  4.5214E-5
-2.9  -1.3  2.0106E-5
-2.9  -1.2  7.2436E-6
-2.8  -6.6  7.9614E-6
-2.8  -6.5  1.0995E-5
-2.8  -6.4  1.3055E-5
-2.8  -6.3  1.3271E-5
-2.8  -6.2  1.1291E-5
-2.8  -6.1  7.549E-6
-2.8  -5.6  1.4442E-5
-2.8  -5.5  2.5339E-5
-2.8  -5.4  3.4996E-5
-2.8  -5.3  3.9872E-5
-2.8  -5.2  3.7629E-5
-2.8  -5.1  2.8467E-5
-2.8  -5  1.5465E-5
-2.8  -4.7  7.8748E-6
-2.8  -4.6  2.5837E-5
-2.8  -4.5  4.9574E-5
-2.8  -4.4  7.1559E-5
-2.8  -4.3  8.3651E-5
-2.8  -4.2  8.0858E-5
-2.8  -4.1  6.3081E-5
-2.8  -4  3.7138E-5
-2.8  -3.9  1.2456E-5
-2.8  -3.7  9.8082E-6
-2.8  -3.6  4.0756E-5
-2.8  -3.5  8.6251E-5
-2.8  -3.4  1.3135E-4
-2.8  -3.3  1.5947E-4
-2.8  -3.2  1.5997E-4
-2.8  -3.1  1.3001E-4
-2.8  -3  8.1349E-5
-2.8  -2.9  3.2071E-5
-2.8  -2.7  1.1535E-5
-2.8  -2.6  6.5327E-5
-2.8  -2.5  1.6267E-4
-2.8  -2.4  2.9156E-4
-2.8  -2.3  4.2813E-4
-2.8  -2.2  5.4243E-4
-2.8  -2.1  6.05E-4
-2.8  -2  6.026E-4
-2.8  -1.9  5.432E-4
-2.8  -1.8  4.4739E-4
-2.8  -1.7  3.3907E-4
-2.8  -1.6  2.394E-4
-2.8  -1.5  1.5827E-4
-2.8  -1.4  9.2326E-5
-2.8  -1.3  4.7138E-5
-2.8  -1.2  1.9251E-5
-2.7  -6.6  7.2383E-6
-2.7  -6.5  9.3182E-6
-2.7  -6.4  1.0416E-5
-2.7  -6.3  9.8192E-6
-2.7  -6.2  7.5055E-6
-2.7  -5.7  9.2905E-6
-2.7  -5.6  1.8925E-5
-2.7  -5.5  2.8876E-5
-2.7  -5.4  3.5757E-5
-2.7  -5.3  3.6758E-5
-2.7  -5.2  3.0775E-5
-2.7  -5.1  1.9697E-5
-2.7  -5  7.8815E-6
-2.7  -4.7  1.6801E-5
-2.7  -4.6  3.9262E-5
-2.7  -4.5  6.4346E-5
-2.7  -4.4  8.3821E-5
-2.7  -4.3  8.9993E-5
-2.7  -4.2  7.9096E-5
-2.7  -4.1  5.4261E-5
-2.7  -4  2.4811E-5
-2.7  -3.7  3.0253E-5
-2.7  -3.6  7.6698E-5
-2.7  -3.5  1.3165E-4
-2.7  -3.4  1.7492E-4
-2.7  -3.3  1.9148E-4
-2.7  -3.2  1.7416E-4
-2.7  -3.1  1.2571E-4
-2.7  -3  6.4201E-5
-2.7  -2.9  1.408E-5
-2.7  -2.7  5.4385E-5
-2.7  -2.6  1.7602E-4
-2.7  -2.5  3.5437E-4
-2.7  -2.4  5.5359E-4
-2.7  -2.3  7.2938E-4
-2.7  -2.2  8.4539E-4
-2.7  -2.1  8.9023E-4
-2.7  -2  8.725E-4
-2.7  -1.9  8.0849E-4
-2.7  -1.8  7.101E-4
-2.7  -1.7  5.8003E-4
-2.7  -1.6  4.2678E-4
-2.7  -1.5  2.6143E-4
-2.7  -1.4  1.2272E-4
-2.7  -1.3  5.4218E-5
-2.7  -1.2  4.77E-5
-2.7  -1.1  1.4749E-5
-2.6  -6.6  6.3659E-6
-2.6  -6.5  7.7486E-6
-2.6  -6.4  8.0435E-6
-2.6  -6.3  6.9131E-6
-2.6  -5.7  1.2481E-5
-2.6  -5.6  2.1272E-5
-2.6  -5.5  2.8724E-5
-2.6  -5.4  3.2247E-5
-2.6  -5.3  2.9979E-5
-2.6  -5.2  2.2167E-5
-2.6  -5.1  1.1449E-5
-2.6  -4.8  9.6347E-6
-2.6  -4.7  2.9367E-5
-2.6  -4.6  5.558E-5
-2.6  -4.5  8.0235E-5
-2.6  -4.4  9.4129E-5
-2.6  -4.3  9.0925E-5
-2.6  -4.2  7.0078E-5
-2.6  -4.1  3.9393E-5
-2.6  -4  1.1814E-5
-2.6  -3.8  1.6775E-5
-2.6  -3.7  5.9386E-5
-2.6  -3.6  1.1959E-4
-2.6  -3.5  1.7954E-4
-2.6  -3.4  2.187E-4
-2.6  -3.3  2.218E-4
-2.6  -3.2  1.861E-4
-2.6  -3.1  1.1773E-4
-2.6  -3  4.4051E-5
-2.6  -2.8  3.0742E-5
-2.6  -2.7  1.5117E-4
-2.6  -2.6  3.4562E-4
-2.6  -2.5  5.8732E-4
-2.6  -2.4  8.4274E-4
-2.6  -2.3  0.0011
-2.6  -2.2  0.0013
-2.6  -2.1  0.0015
-2.6  -2  0.0015
-2.6  -1.9  0.0014
-2.6  -1.8  0.001
-2.6  -1.7  5.1257E-4
-2.6  -1.6  3.9512E-4
-2.6  -1.5  0.0011
-2.6  -1.4  1.4136E-4
-2.6  -1.3  3.0679E-5
-2.6  -1.2  1.2874E-5
-2.6  -1.1  1.2999E-5
-2.6  -1  7.2846E-6
-2.5  -5.8  7.2373E-6
-2.5  -5.7  1.431E-5
-2.5  -5.6  2.1715E-5
-2.5  -5.5  2.6901E-5
-2.5  -5.4  2.7754E-5
-2.5  -5.3  2.3296E-5
-2.5  -5.2  1.4739E-5
-2.5  -4.8  1.9395E-5
-2.5  -4.7  4.3214E-5
-2.5  -4.6  6.899E-5
-2.5  -4.5  8.8034E-5
-2.5  -4.4  9.2317E-5
-2.5  -4.3  7.8831E-5
-2.5  -4.2  5.1802E-5
-2.5  -4.1  2.1722E-5
-2.5  -3.9  6.8524E-6
-2.5  -3.8  4.2253E-5
-2.5  -3.7  1.0468E-4
-2.5  -3.6  1.7989E-4
-2.5  -3.5  2.4583E-4
-2.5  -3.4  2.7724E-4
-2.5  -3.3  2.5382E-4
-2.5  -3.2  1.8101E-4
-2.5  -3.1  8.5952E-5
-2.5  -3  1.4285E-5
-2.5  -2.9  9.626E-6
-2.5  -2.8  1.0018E-4
-2.5  -2.7  3.0015E-4
-2.5  -2.6  6.1915E-4
-2.5  -2.5  0.0011
-2.5  -2.4  0.0016
-2.5  -2.3  0.0022
-2.5  -2.2  0.0022
-2.5  -2.1  0.0016
-2.5  -2  9.6898E-4
-2.5  -1.9  0.0022
-2.5  -1.8  0.0023
-2.5  -1.7  5.4256E-4
-2.5  -1.6  1.9589E-4
-2.5  -1.5  1.5571E-4
-2.5  -1.4  2.8253E-4
-2.5  -1.3  4.0601E-4
-2.5  -1.2  2.4752E-5
-2.5  -0.7  1.7667E-5
-2.5  0.7 2.5421E-5
-2.4  -5.8  9.2128E-6
-2.4  -5.7  1.5695E-5
-2.4  -5.6  2.1575E-5
-2.4  -5.5  2.4466E-5
-2.4  -5.4  2.2725E-5
-2.4  -5.3  1.6547E-5
-2.4  -5.2  8.053E-6
-2.4  -4.9  1.0595E-5
-2.4  -4.8  2.9016E-5
-2.4  -4.7  5.2623E-5
-2.4  -4.6  7.4155E-5
-2.4  -4.5  8.6326E-5
-2.4  -4.4  8.2872E-5
-2.4  -4.3  6.3403E-5
-2.4  -4.2  3.4666E-5
-2.4  -4.1  8.7466E-6
-2.4  -3.9  2.5873E-5
-2.4  -3.8  8.4823E-5
-2.4  -3.7  1.6805E-4
-2.4  -3.6  2.4817E-4
-2.4  -3.5  2.9356E-4
-2.4  -3.4  2.8346E-4
-2.4  -3.3  2.2115E-4
-2.4  -3.2  1.2878E-4
-2.4  -3.1  4.1054E-5
-2.4  -2.9  6.8692E-5
-2.4  -2.8  2.905E-4
-2.4  -2.7  7.4225E-4
-2.4  -2.6  0.0013
-2.4  -2.5  0.0016
-2.4  -2.4  0.0012
-2.4  -2.3  0.0015
-2.4  -2.2  0.0063
-2.4  -2.1  0.0045
-2.4  -2  9.8827E-4
-2.4  -1.9  6.1247E-4
-2.4  -1.8  8.2793E-4
-2.4  -1.7  0.0034
-2.4  -1.6  0.0017
-2.4  -1.5  2.6217E-4
-2.4  -1.4  6.82E-5
-2.4  -1.3  3.0598E-5
-2.4  -1.2  1.9705E-5
-2.4  -1.1  2.018E-5
-2.4  0.5 2.0011E-5
-2.3  -5.8  1.0179E-5
-2.3  -5.7  1.5294E-5
-2.3  -5.6  1.8851E-5
-2.3  -5.5  1.9175E-5
-2.3  -5.4  1.5619E-5
-2.3  -5.3  9.3868E-6
-2.3  -4.9  1.8068E-5
-2.3  -4.8  3.8709E-5
-2.3  -4.7  6.206E-5
-2.3  -4.6  8.0334E-5
-2.3  -4.5  8.6047E-5
-2.3  -4.4  7.4623E-5
-2.3  -4.3  4.8506E-5
-2.3  -4.2  1.8895E-5
-2.3  -4  1.1647E-5
-2.3  -3.9  5.6563E-5
-2.3  -3.8  1.268E-4
-2.3  -3.7  2.0356E-4
-2.3  -3.6  2.6356E-4
-2.3  -3.5  2.8755E-4
-2.3  -3.4  2.6545E-4
-2.3  -3.3  1.9708E-4
-2.3  -3.2  9.8073E-5
-2.3  -3.1  1.3513E-5
-2.3  -3  3.0553E-5
-2.3  -2.9  2.1422E-4
-2.3  -2.8  3.6896E-4
-2.3  -2.7  4.3169E-4
-2.3  -2.6  0.002
-2.3  -2.5  0.0052
-2.3  -2.4  0.0023
-2.3  -2.3  0.001
-2.3  -2.2  0.0011
-2.3  -2.1  0.0027
-2.3  -2  0.0086
-2.3  -1.9  0.0043
-2.3  -1.8  7.7049E-4
-2.3  -1.7  3.3921E-4
-2.3  -1.6  2.5088E-4
-2.3  -1.5  3.2168E-4
-2.3  -1.4  0.0012
-2.3  -1.3  3.7301E-4
-2.3  -1.2  2.4995E-5
-2.3  -0.7  1.7076E-5
-2.3  -0.6  6.5306E-5
-2.2  -5.8  9.4925E-6
-2.2  -5.7  1.2905E-5
-2.2  -5.6  1.4599E-5
-2.2  -5.5  1.3602E-5
-2.2  -5.4  9.7832E-6
-2.2  -5  1.0267E-5
-2.2  -4.9  2.7191E-5
-2.2  -4.8  4.9019E-5
-2.2  -4.7  6.9046E-5
-2.2  -4.6  7.9398E-5
-2.2  -4.5  7.5031E-5
-2.2  -4.4  5.497E-5
-2.2  -4.3  2.7484E-5
-2.2  -4  2.9342E-5
-2.2  -3.9  8.752E-5
-2.2  -3.8  1.7101E-4
-2.2  -3.7  2.6669E-4
-2.2  -3.6  3.5114E-4
-2.2  -3.5  3.8777E-4
-2.2  -3.4  3.3484E-4
-2.2  -3.3  1.8261E-4
-2.2  -3.2  3.427E-5
-2.2  -3  5.0798E-5
-2.2  -2.9  6.5999E-4
-2.2  -2.8  0.002
-2.2  -2.7  7.4189E-4
-2.2  -2.6  6.7545E-4
-2.2  -2.5  0.0012
-2.2  -2.4  0.0054
-2.2  -2.3  0.016
-2.2  -2.2  0.0038
-2.2  -2.1  0.0013
-2.2  -2  8.2076E-4
-2.2  -1.9  8.7718E-4
-2.2  -1.8  0.0018
-2.2  -1.7  0.0052
-2.2  -1.6  0.0022
-2.2  -1.5  2.6737E-4
-2.2  -1.4  5.9598E-5
-2.2  -1.3  1.633E-5
-2.2  -1  2.2689E-5
-2.2  -0.9  6.6521E-5
-2.2  -0.8  1.8598E-5
-2.1  -5.8  8.6641E-6
-2.1  -5.7  1.0971E-5
-2.1  -5.6  1.1469E-5
-2.1  -5.5  9.5188E-6
-2.1  -5  1.5916E-5
-2.1  -4.9  3.2348E-5
-2.1  -4.8  4.9903E-5
-2.1  -4.7  6.2446E-5
-2.1  -4.6  6.4566E-5
-2.1  -4.5  5.4198E-5
-2.1  -4.4  3.3541E-5
-2.1  -4.3  1.1598E-5
-2.1  -4.1  1.5047E-5
-2.1  -4  7.1348E-5
-2.1  -3.9  1.7294E-4
-2.1  -3.8  2.9716E-4
-2.1  -3.7  3.6747E-4
-2.1  -3.6  2.8987E-4
-2.1  -3.5  1.4156E-4
-2.1  -3.4  8.0712E-5
-2.1  -3.3  8.1347E-5
-2.1  -3.2  1.489E-5
-2.1  -3.1  4.2309E-5
-2.1  -3  9.6304E-5
-2.1  -2.9  2.0965E-4
-2.1  -2.8  6.4561E-4
-2.1  -2.7  0.0043
-2.1  -2.6  0.0088
-2.1  -2.5  0.0022
-2.1  -2.4  0.0012
-2.1  -2.3  0.0011
-2.1  -2.2  0.0017
-2.1  -2.1  0.0059
-2.1  -2  0.0184
-2.1  -1.9  0.0041
-2.1  -1.8  8.6387E-4
-2.1  -1.7  3.3007E-4
-2.1  -1.6  1.6885E-4
-2.1  -1.5  1.0644E-4
-2.1  -1.4  8.5873E-5
-2.1  -1.3  1.5607E-4
-2.1  -1.2  3.4646E-5
-2.1  -1  6.2482E-6
-2.1  -0.9  6.5794E-6
-2.1  -0.8  7.0295E-6
-2.1  -0.7  7.9569E-6
-2.1  -0.6  1.0226E-5
-2.1  -0.5  1.704E-5
-2.1  -0.4  9.58E-5
-2.1  -0.3  2.3409E-5
-2  -5.8  7.2976E-6
-2  -5.7  8.3414E-6
-2  -5.6  7.6541E-6
-2  -5.1  7.6048E-6
-2  -5  1.9015E-5
-2  -4.9  3.3806E-5
-2  -4.8  4.8082E-5
-2  -4.7  5.6608E-5
-2  -4.6  5.4671E-5
-2  -4.5  4.2377E-5
-2  -4.4  2.2003E-5
-2  -4.2  6.6303E-6
-2  -4.1  4.0738E-5
-2  -4  8.6083E-5
-2  -3.9  9.3161E-5
-2  -3.8  1.0277E-4
-2  -3.7  2.3868E-4
-2  -3.6  7.5802E-4
-2  -3.5  5.4974E-4
-2  -3.4  8.0082E-5
-2  -3.3  8.8681E-6
-2  -3.1  1.5196E-4
-2  -3  0.0023
-2  -2.9  0.0022
-2  -2.8  8.7208E-4
-2  -2.7  7.5118E-4
-2  -2.6  9.983E-4
-2  -2.5  0.002
-2  -2.4  0.0081
-2  -2.3  0.0338
-2  -2.2  0.0043
-2  -2.1  0.0015
-2  -2  8.2901E-4
-2  -1.9  5.9809E-4
-2  -1.8  5.5375E-4
-2  -1.7  7.8554E-4
-2  -1.6  0.0032
-2  -1.5  0.0023
-2  -1.4  9.698E-5
-2  -1.3  7.5424E-6
-2  -1  9.6338E-6
-2  -0.9  2.0828E-5
-2  -0.8  5.3975E-5
-2  -0.7  4.9414E-4
-2  -0.6  7.4497E-4
-2  -0.5  3.2171E-5
-1.9  -5.1  1.1631E-5
-1.9  -5  2.4327E-5
-1.9  -4.9  3.9242E-5
-1.9  -4.8  5.2767E-5
-1.9  -4.7  5.7944E-5
-1.9  -4.6  4.8033E-5
-1.9  -4.5  2.6026E-5
-1.9  -4.2  6.5216E-6
-1.9  -4.1  4.4667E-5
-1.9  -4  2.3229E-4
-1.9  -3.9  5.8572E-4
-1.9  -3.8  1.9354E-4
-1.9  -3.7  1.0137E-4
-1.9  -3.6  7.9108E-5
-1.9  -3.5  8.194E-5
-1.9  -3.4  1.1724E-4
-1.9  -3.3  1.3256E-5
-1.9  -3.2  5.472E-5
-1.9  -3.1  1.0931E-4
-1.9  -3  2.1451E-4
-1.9  -2.9  4.9399E-4
-1.9  -2.8  0.0017
-1.9  -2.7  0.0167
-1.9  -2.6  0.0142
-1.9  -2.5  0.004
-1.9  -2.4  0.0017
-1.9  -2.3  0.0012
-1.9  -2.2  0.0011
-1.9  -2.1  0.0014
-1.9  -2  0.0025
-1.9  -1.9  0.0122
-1.9  -1.8  0.0072
-1.9  -1.7  7.1842E-4
-1.9  -1.6  1.6415E-4
-1.9  -1.5  4.6298E-5
-1.9  -1.4  1.1884E-5
-1.9  -1.1  3.2137E-5
-1.9  -1  5.4635E-4
-1.9  -0.9  0.0027
-1.9  -0.8  1.5231E-4
-1.9  -0.7  3.2449E-5
-1.9  -0.6  9.8645E-6
-1.8  -5.2  6.0453E-6
-1.8  -5.1  1.4763E-5
-1.8  -5  2.4898E-5
-1.8  -4.9  3.1378E-5
-1.8  -4.8  2.9313E-5
-1.8  -4.7  1.9265E-5
-1.8  -4.6  1.0492E-5
-1.8  -4.5  7.4358E-6
-1.8  -4.3  1.462E-5
-1.8  -4.2  2.2653E-5
-1.8  -4.1  2.9761E-5
-1.8  -4  4.4651E-5
-1.8  -3.9  8.6162E-5
-1.8  -3.8  2.9959E-4
-1.8  -3.7  8.1148E-4
-1.8  -3.6  3.0872E-4
-1.8  -3.5  4.6395E-5
-1.8  -3.3  6.4013E-6
-1.8  -3.2  7.2634E-5
-1.8  -3.1  7.8485E-4
-1.8  -3  0.0045
-1.8  -2.9  0.0047
-1.8  -2.8  0.0016
-1.8  -2.7  0.0011
-1.8  -2.6  0.0011
-1.8  -2.5  0.0014
-1.8  -2.4  0.0022
-1.8  -2.3  0.0061
-1.8  -2.2  0.0574
-1.8  -2.1  0.0221
-1.8  -2  0.0025
-1.8  -1.9  7.5073E-4
-1.8  -1.8  3.1853E-4
-1.8  -1.7  1.6026E-4
-1.8  -1.6  8.3347E-5
-1.8  -1.5  4.1332E-5
-1.8  -1.4  1.6005E-5
-1.8  -1.3  3.6529E-5
-1.8  -1.2  0.0015
-1.8  -1.1  2.0228E-4
-1.8  -1  6.8765E-5
-1.8  -0.9  3.3403E-5
-1.8  -0.8  1.7049E-5
-1.8  -0.7  8.2004E-6
-1.7  -5.1  7.8118E-6
-1.7  -5  1.1261E-5
-1.7  -4.9  2.8611E-5
-1.7  -4.8  7.9594E-5
-1.7  -4.7  4.675E-5
-1.7  -4.6  1.0539E-5
-1.7  -4.2  3.6871E-5
-1.7  -4.1  3.5725E-4
-1.7  -4  3.2787E-4
-1.7  -3.9  1.1764E-4
-1.7  -3.8  6.8476E-5
-1.7  -3.7  4.9914E-5
-1.7  -3.6  3.9386E-5
-1.7  -3.5  2.7475E-5
-1.7  -3.4  2.4386E-5
-1.7  -3.3  3.7323E-4
-1.7  -3.2  2.8928E-4
-1.7  -3.1  3.0091E-4
-1.7  -3  3.8498E-4
-1.7  -2.9  5.6668E-4
-1.7  -2.8  9.8721E-4
-1.7  -2.7  0.0023
-1.7  -2.6  0.0121
-1.7  -2.5  0.0374
-1.7  -2.4  0.0164
-1.7  -2.3  0.0034
-1.7  -2.2  0.0015
-1.7  -2.1  8.2454E-4
-1.7  -2  5.5181E-4
-1.7  -1.9  4.1186E-4
-1.7  -1.8  3.422E-4
-1.7  -1.7  3.3142E-4
-1.7  -1.6  4.4525E-4
-1.7  -1.5  0.0023
-1.7  -1.4  7.6122E-5
-1.7  -1.3  2.2509E-5
-1.7  -1.2  2.621E-5
-1.7  -1.1  2.4383E-5
-1.7  -1  1.9431E-5
-1.7  -0.9  1.3665E-5
-1.7  -0.8  8.4006E-6
-1.6  -5.2  1.6546E-5
-1.6  -5.1  1.6311E-5
-1.6  -5  9.0158E-6
-1.6  -4.9  6.8281E-6
-1.6  -4.4  1.3498E-5
-1.6  -4.3  1.7708E-5
-1.6  -4.2  2.1431E-5
-1.6  -4.1  2.9806E-5
-1.6  -4  4.7817E-5
-1.6  -3.9  9.6158E-5
-1.6  -3.8  3.1347E-4
-1.6  -3.7  8.462E-4
-1.6  -3.6  9.5164E-5
-1.6  -3.4  7.1154E-6
-1.6  -3.3  4.226E-5
-1.6  -3.2  1.3202E-4
-1.6  -3.1  3.9481E-4
-1.6  -3  0.0017
-1.6  -2.9  0.0153
-1.6  -2.8  0.0454
-1.6  -2.7  0.0065
-1.6  -2.6  0.0025
-1.6  -2.5  0.0016
-1.6  -2.4  0.0012
-1.6  -2.3  9.7058E-4
-1.6  -2.2  9.1008E-4
-1.6  -2.1  9.7276E-4
-1.6  -2  0.0013
-1.6  -1.9  0.0027
-1.6  -1.8  0.0229
-1.6  -1.7  0.0038
-1.6  -1.6  1.9413E-4
-1.6  -1.5  1.3931E-5
-1.6  -1.3  9.9659E-6
-1.6  -1.2  1.4268E-5
-1.6  -1.1  1.5036E-5
-1.6  -1  1.2957E-5
-1.6  -0.9  9.4399E-6
-1.5  -5  1.9755E-5
-1.5  -4.9  3.3764E-5
-1.5  -4.8  2.5983E-5
-1.5  -4.3  1.9661E-5
-1.5  -4.2  1.353E-4
-1.5  -4.1  4.5113E-4
-1.5  -4  3.5374E-4
-1.5  -3.9  8.9077E-5
-1.5  -3.8  4.0032E-5
-1.5  -3.7  1.8202E-5
-1.5  -3.4  4.1263E-5
-1.5  -3.3  4.7725E-4
-1.5  -3.2  0.0097
-1.5  -3.1  0.0036
-1.5  -3  0.0016
-1.5  -2.9  0.0011
-1.5  -2.8  9.6955E-4
-1.5  -2.7  9.4806E-4
-1.5  -2.6  0.001
-1.5  -2.5  0.0012
-1.5  -2.4  0.0016
-1.5  -2.3  0.0025
-1.5  -2.2  0.0074
-1.5  -2.1  0.0338
-1.5  -2  0.0194
-1.5  -1.9  0.0015
-1.5  -1.8  3.0118E-4
-1.5  -1.7  7.0349E-5
-1.5  -1.6  1.236E-5
-1.5  -1.3  9.9459E-6
-1.5  -1.2  1.3208E-5
-1.5  -1.1  1.3661E-5
-1.5  -1  1.1667E-5
-1.5  -0.9  8.3581E-6
-1.4  -5.3  8.8979E-6
-1.4  -4.5  1.5033E-5
-1.4  -4.4  3.0715E-5
-1.4  -4.3  2.0603E-5
-1.4  -4.2  2.1307E-5
-1.4  -4.1  2.3945E-5
-1.4  -4  2.761E-5
-1.4  -3.9  3.2733E-5
-1.4  -3.8  3.9551E-5
-1.4  -3.7  4.3627E-5
-1.4  -3.6  8.7068E-6
-1.4  -3.5  9.2988E-5
-1.4  -3.4  2.0444E-4
-1.4  -3.3  2.1569E-4
-1.4  -3.2  2.6201E-4
-1.4  -3.1  3.4515E-4
-1.4  -3  4.6589E-4
-1.4  -2.9  6.4971E-4
-1.4  -2.8  9.6309E-4
-1.4  -2.7  0.0016
-1.4  -2.6  0.0032
-1.4  -2.5  0.0119
-1.4  -2.4  0.081
-1.4  -2.3  0.0207
-1.4  -2.2  0.0032
-1.4  -2.1  0.0011
-1.4  -2  4.1825E-4
-1.4  -1.9  1.7356E-4
-1.4  -1.8  6.4147E-5
-1.4  -1.7  1.7321E-5
-1.3  -5  1.8376E-5
-1.3  -4.9  1.3831E-5
-1.3  -4.3  1.3161E-5
-1.3  -4.2  3.7564E-5
-1.3  -4.1  1.6727E-4
-1.3  -4  4.0554E-4
-1.3  -3.9  4.752E-4
-1.3  -3.8  5.45E-5
-1.3  -3.5  1.6078E-5
-1.3  -3.4  5.0393E-5
-1.3  -3.3  1.1675E-4
-1.3  -3.2  2.4638E-4
-1.3  -3.1  5.2043E-4
-1.3  -3  0.0012
-1.3  -2.9  0.0034
-1.3  -2.8  0.02
-1.3  -2.7  0.0846
-1.3  -2.6  0.0167
-1.3  -2.5  0.0036
-1.3  -2.4  0.0016
-1.3  -2.3  8.824E-4
-1.3  -2.2  5.0348E-4
-1.3  -2.1  2.849E-4
-1.3  -2  1.5154E-4
-1.3  -1.9  7.1861E-5
-1.3  -1.8  2.6984E-5
-1.3  -1.7  6.2707E-6
-1.3  -1.5  6.3182E-6
-1.2  -4.5  2.7484E-5
-1.2  -4.4  1.8205E-4
-1.2  -4.3  7.9168E-5
-1.2  -4.2  3.8302E-5
-1.2  -4.1  2.4665E-5
-1.2  -4  1.6043E-5
-1.2  -3.9  9.0581E-6
-1.2  -3.6  6.1258E-6
-1.2  -3.5  3.9317E-5
-1.2  -3.4  1.6542E-4
-1.2  -3.3  6.4789E-4
-1.2  -3.2  0.0049
-1.2  -3.1  0.0311
-1.2  -3  0.0281
-1.2  -2.9  0.0049
-1.2  -2.8  0.0022
-1.2  -2.7  0.0014
-1.2  -2.6  9.8806E-4
-1.2  -2.5  7.2173E-4
-1.2  -2.4  5.3005E-4
-1.2  -2.3  3.8074E-4
-1.2  -2.2  2.6172E-4
-1.2  -2.1  1.6847E-4
-1.2  -2  9.7317E-5
-1.2  -1.9  4.7095E-5
-1.2  -1.8  1.6334E-5
-1.2  -1.5  2.0479E-5
-1.1  -4.3  6.0223E-6
-1.1  -4.2  7.6234E-6
-1.1  -4.1  8.6776E-6
-1.1  -4  8.5862E-6
-1.1  -3.9  6.1322E-6
-1.1  -3.7  7.3402E-6
-1.1  -3.6  3.9377E-4
-1.1  -3.5  0.0022
-1.1  -3.4  0.0029
-1.1  -3.3  0.0012
-1.1  -3.2  8.1641E-4
-1.1  -3.1  7.0191E-4
-1.1  -3  6.4714E-4
-1.1  -2.9  6.1542E-4
-1.1  -2.8  5.7652E-4
-1.1  -2.7  5.3667E-4
-1.1  -2.6  4.8807E-4
-1.1  -2.5  4.3054E-4
-1.1  -2.4  3.6497E-4
-1.1  -2.3  2.947E-4
-1.1  -2.2  2.2345E-4
-1.1  -2.1  1.5463E-4
-1.1  -2  9.2939E-5
-1.1  -1.9  4.3659E-5
-1.1  -1.8  1.2457E-5
-1.1  -1.7  6.2827E-6
-1.1  -1.6  3.582E-5
-1.1  -1.5  1.2512E-4
-1  -4.3  1.0979E-5
-1  -4.2  2.4876E-5
-1  -4.1  6.4409E-5
-1  -4  2.4746E-4
-1  -3.9  5.5076E-5
-1  -3.7  1.6934E-5
-1  -3.6  4.3726E-5
-1  -3.5  7.6376E-5
-1  -3.4  1.1726E-4
-1  -3.3  1.6623E-4
-1  -3.2  2.1785E-4
-1  -3.1  2.6955E-4
-1  -3  3.2186E-4
-1  -2.9  3.697E-4
-1  -2.8  4.0748E-4
-1  -2.7  4.3283E-4
-1  -2.6  4.4329E-4
-1  -2.5  4.3632E-4
-1  -2.4  4.1047E-4
-1  -2.3  3.6688E-4
-1  -2.2  3.0983E-4
-1  -2.1  2.374E-4
-1  -2  1.519E-4
-1  -1.9  7.3496E-5
-1  -1.8  2.5934E-5
-1  -1.7  1.4653E-4
-1  -1.6  0.0031
-1  -1.5  0.0103
-0.9  -4.6  2.4723E-5
-0.9  -4.5  5.3933E-5
-0.9  -4.4  6.0538E-5
-0.9  -4.3  3.2944E-5
-0.9  -4.2  1.4343E-5
-0.9  -4.1  6.8438E-6
-0.9  -3.7  6.3734E-6
-0.9  -3.6  1.8268E-5
-0.9  -3.5  3.8797E-5
-0.9  -3.4  6.9986E-5
-0.9  -3.3  1.1342E-4
-0.9  -3.2  1.6984E-4
-0.9  -3.1  2.3891E-4
-0.9  -3  3.1963E-4
-0.9  -2.9  4.1011E-4
-0.9  -2.8  5.0648E-4
-0.9  -2.7  6.0593E-4
-0.9  -2.6  7.0918E-4
-0.9  -2.5  8.0701E-4
-0.9  -2.4  9.0079E-4
-0.9  -2.3  9.7238E-4
-0.9  -2.2  0.0011
-0.9  -2.1  0.0014
-0.9  -2  0.0025
-0.9  -1.9  0.002
-0.9  -1.8  7.1588E-4
-0.9  -1.7  2.9916E-4
-0.9  -1.6  2.3418E-4
-0.9  -1.5  1.8185E-4
-0.8  -3.7  7.3928E-6
-0.8  -3.6  2.0443E-5
-0.8  -3.5  4.5248E-5
-0.8  -3.4  8.7671E-5
-0.8  -3.3  1.5577E-4
-0.8  -3.2  2.5898E-4
-0.8  -3.1  4.1189E-4
-0.8  -3  6.3403E-4
-0.8  -2.9  9.59E-4
-0.8  -2.8  0.0014
-0.8  -2.7  0.0022
-0.8  -2.6  0.0038
-0.8  -2.5  0.009
-0.8  -2.4  0.0652
-0.8  -2.3  0.065
-0.8  -2.2  0.0146
-0.8  -2.1  0.0011
-0.8  -2  1.2514E-4
-0.8  -1.9  1.8115E-5
-0.8  -1.8  2.8422E-5
-0.8  -1.7  5.4689E-5
-0.8  -1.6  6.4832E-5
-0.8  -1.5  6.1726E-5
-0.7  -3.7  1.8506E-5
-0.7  -3.6  5.4088E-5
-0.7  -3.5  1.343E-4
-0.7  -3.4  3.0737E-4
-0.7  -3.3  6.7563E-4
-0.7  -3.2  0.0015
-0.7  -3.1  0.0036
-0.7  -3  0.0099
-0.7  -2.9  0.047
-0.7  -2.8  0.2824
-0.7  -2.7  0.031
-0.7  -2.6  0.0079
-0.7  -2.5  0.0031
-0.7  -2.4  0.0013
-0.7  -2.3  5.2884E-4
-0.7  -2.2  1.9508E-4
-0.7  -2.1  5.2952E-5
-0.7  -2  8.2134E-6
-0.7  -1.9  6.2347E-6
-0.7  -1.8  1.8549E-5
-0.7  -1.7  3.0326E-5
-0.7  -1.6  3.5185E-5
-0.7  -1.5  3.3025E-5
-0.6  -3.9  2.3515E-5
-0.6  -3.8  2.7128E-4
-0.6  -3.7  0.0017
-0.6  -3.6  0.0065
-0.6  -3.5  0.0079
-0.6  -3.4  0.0158
-0.6  -3.3  0.0101
-0.6  -3.2  0.0029
-0.6  -3.1  0.0022
-0.6  -3  0.0018
-0.6  -2.9  0.0013
-0.6  -2.8  9.6712E-4
-0.6  -2.7  7.1114E-4
-0.6  -2.6  4.9307E-4
-0.6  -2.5  3.1621E-4
-0.6  -2.4  1.823E-4
-0.6  -2.3  9.0484E-5
-0.6  -2.2  3.5003E-5
-0.6  -2.1  8.3659E-6
-0.6  -1.9  6.8056E-6
-0.6  -1.8  1.4784E-5
-0.6  -1.7  2.1094E-5
-0.6  -1.6  2.2966E-5
-0.6  -1.5  2.0423E-5
-0.5  -3.8  1.8644E-5
-0.5  -3.7  3.7355E-5
-0.5  -3.6  6.1546E-5
-0.5  -3.5  9.6122E-5
-0.5  -3.4  1.3623E-4
-0.5  -3.3  1.7536E-4
-0.5  -3.2  2.1008E-4
-0.5  -3.1  2.392E-4
-0.5  -3  2.4934E-4
-0.5  -2.9  2.4208E-4
-0.5  -2.8  2.16E-4
-0.5  -2.7  1.8058E-4
-0.5  -2.6  1.3784E-4
-0.5  -2.5  9.3836E-5
-0.5  -2.4  5.5265E-5
-0.5  -2.3  2.6071E-5
-0.5  -2.2  8.5189E-6
-0.5  -1.9  7.1185E-6
-0.5  -1.8  1.2395E-5
-0.5  -1.7  1.5641E-5
-0.5  -1.6  1.5705E-5
-0.5  -1.5  1.3015E-5
-0.4  -3.7  8.7514E-6
-0.4  -3.6  1.6021E-5
-0.4  -3.5  2.6608E-5
-0.4  -3.4  4.0941E-5
-0.4  -3.3  5.6219E-5
-0.4  -3.2  7.0033E-5
-0.4  -3.1  8.2519E-5
-0.4  -3  9.0576E-5
-0.4  -2.9  9.1082E-5
-0.4  -2.8  8.4375E-5
-0.4  -2.7  7.1483E-5
-0.4  -2.6  5.44E-5
-0.4  -2.5  3.632E-5
-0.4  -2.4  2.0306E-5
-0.4  -2.3  8.3707E-6
-0.4  -1.9  6.9329E-6
-0.4  -1.8  1.0185E-5
-0.4  -1.7  1.158E-5
-0.4  -1.6  1.0758E-5
-0.4  -1.5  8.1833E-6
-0.3  -3.6  7.1813E-6
-0.3  -3.5  1.2065E-5
-0.3  -3.4  1.8421E-5
-0.3  -3.3  2.5702E-5
-0.3  -3.2  3.2749E-5
-0.3  -3.1  3.8702E-5
-0.3  -3  4.2574E-5
-0.3  -2.9  4.277E-5
-0.3  -2.8  3.9074E-5
-0.3  -2.7  3.2582E-5
-0.3  -2.6  2.4044E-5
-0.3  -2.5  1.5121E-5
-0.3  -2.4  7.628E-6
-0.3  -1.9  6.2455E-6
-0.3  -1.8  8.0798E-6
-0.3  -1.7  8.3527E-6
-0.3  -1.6  7.1143E-6
-0.2  -3.5  6.2698E-6
-0.2  -3.4  9.5339E-6
-0.2  -3.3  1.3303E-5
-0.2  -3.2  1.6919E-5
-0.2  -3.1  1.9912E-5
-0.2  -3  2.1672E-5
-0.2  -2.9  2.1519E-5
-0.2  -2.8  1.9415E-5
-0.2  -2.7  1.5639E-5
-0.2  -2.6  1.0938E-5
-0.2  -2.5  6.3275E-6
-0.2  -1.8  6.1241E-6
-0.1  -3.3  6.9694E-6
-0.1  -3.2  8.9357E-6
-0.1  -3.1  1.0469E-5
-0.1  -3  1.1222E-5
-0.1  -2.9  1.0958E-5
-0.1  -2.8  9.5902E-6
-0.1  -2.7  7.403E-6
1.4 4.4 6.1638E-6
1.4 4.5 8.6018E-6
1.4 4.6 8.9874E-6
1.4 4.7 6.1308E-6
1.4 5.7 5.7576E-6
1.5 -0.5  8.779E-6
1.5 -0.4  9.0106E-5
1.5 -0.3  7.0324E-5
1.5 3.2 6.1616E-6
1.5 3.3 7.3322E-6
1.5 3.4 7.534E-6
1.5 3.5 6.1692E-6
1.5 3.9 1.1636E-5
1.5 4 3.234E-5
1.5 4.1 3.1158E-5
1.5 4.2 1.7672E-5
1.5 4.3 8.5898E-6
1.5 4.4 5.5546E-6
1.5 5 8.7302E-6
1.5 5.1 1.5074E-5
1.5 5.2 1.2909E-5
1.5 5.3 8.188E-6
1.5 5.4 6.144E-6
1.5 5.5 5.6662E-6
1.5 5.6 5.6436E-6
1.5 5.7 6.438E-6
1.5 5.8 8.3128E-6
1.5 5.9 6.9524E-6
1.6 -0.8  1.3542E-5
1.6 -0.7  3.3304E-5
1.6 -0.6  1.9828E-5
1.6 2.9 9.5264E-6
1.6 3 3.1432E-5
1.6 3.1 1.2158E-4
1.6 3.2 4.2E-4
1.6 3.3 1.8557E-4
1.6 3.4 4.8052E-5
1.6 3.5 1.0097E-5
1.6 4 5.9012E-6
1.6 4.1 1.2049E-5
1.6 4.2 2.5898E-5
1.6 4.3 5.8012E-5
1.6 4.4 4.302E-5
1.6 4.5 3.6808E-5
1.6 4.6 5.6254E-6
1.6 5.1 1.5936E-5
1.6 5.2 4.878E-5
1.6 5.3 4.1022E-5
1.6 5.4 3.4156E-5
1.6 5.5 2.0296E-5
1.6 5.6 1.4653E-5
1.6 5.7 1.0058E-5
1.6 5.8 1.0611E-5
1.6 5.9 9.9196E-6
1.6 6 6.4974E-6
1.7 2 8.1904E-6
1.7 2.1 1.3988E-5
1.7 2.2 2.0744E-5
1.7 2.3 3.2316E-5
1.7 2.4 1.2331E-4
1.7 2.5 3.2876E-5
1.7 2.6 9.0462E-6
1.7 2.8 1.3463E-5
1.7 2.9 1.2863E-5
1.7 3 1.2242E-5
1.7 3.1 1.2248E-5
1.7 3.2 1.1608E-5
1.7 3.3 1.0287E-5
1.7 3.4 8.2002E-6
1.7 3.5 5.7404E-6
1.7 3.8 3.7888E-5
1.7 3.9 2.9814E-5
1.7 4 1.9348E-5
1.7 4.1 1.5362E-5
1.7 4.2 1.3399E-5
1.7 4.3 1.1951E-5
1.7 4.4 1.1025E-5
1.7 4.5 1.1716E-5
1.7 4.6 5.9584E-6
1.7 4.9 7.7518E-6
1.7 5 1.3196E-5
1.7 5.1 2.576E-5
1.7 5.2 4.2984E-5
1.7 5.3 5.8474E-5
1.7 5.4 7.6166E-5
1.7 5.5 6.8292E-5
1.7 5.6 4.3166E-5
1.7 5.7 3.0406E-5
1.7 5.8 2.1172E-5
1.7 5.9 1.4167E-5
1.7 6 8.8832E-6
1.8 1.7 1.3474E-5
1.8 1.8 5.6048E-5
1.8 1.9 3.6E-4
1.8 2 1.2512E-4
1.8 2.1 4.1462E-5
1.8 2.2 1.6579E-5
1.8 2.3 7.4566E-6
1.8 2.8 6.575E-6
1.8 2.9 1.8202E-5
1.8 3 5.1994E-5
1.8 3.1 2.4E-4
1.8 3.2 1.3079E-4
1.8 3.3 1.0467E-4
1.8 3.4 1.707E-5
1.8 3.8 6.219E-6
1.8 3.9 1.9617E-5
1.8 4 6.7162E-5
1.8 4.1 2.2E-4
1.8 4.2 9.4554E-5
1.8 4.3 2.6916E-5
1.8 4.4 1.0666E-5
1.8 4.8 1.8792E-5
1.8 4.9 4.2412E-5
1.8 5 6.3644E-5
1.8 5.1 6.945E-5
1.8 5.2 6.485E-5
1.8 5.3 8.0682E-5
1.8 5.4 8.7024E-5
1.8 5.5 8.4108E-5
1.8 5.6 7.418E-5
1.8 5.7 5.931E-5
1.8 5.8 4.3242E-5
1.8 5.9 2.904E-5
1.8 6 1.7886E-5
1.8 6.1 9.993E-6
1.9 -1.8  1.5213E-5
1.9 1.1 5.6114E-6
1.9 1.2 2.0036E-5
1.9 1.3 1.3054E-5
1.9 1.9 5.5612E-6
1.9 2 6.4974E-6
1.9 2.1 6.9744E-6
1.9 2.2 6.8864E-6
1.9 2.3 5.6566E-6
1.9 2.6 1.4541E-5
1.9 2.7 5.47E-5
1.9 2.8 3.4308E-5
1.9 2.9 2.2104E-5
1.9 3 1.7585E-5
1.9 3.1 1.5576E-5
1.9 3.2 1.4204E-5
1.9 3.3 1.2599E-5
1.9 3.4 1.0314E-5
1.9 3.7 1.6347E-5
1.9 3.8 1.7248E-5
1.9 3.9 1.9667E-5
1.9 4 2.7346E-5
1.9 4.1 4.7796E-5
1.9 4.2 1.2569E-4
1.9 4.3 6.5166E-5
1.9 4.4 2.5144E-5
1.9 4.7 8.1276E-6
1.9 4.8 2.6884E-5
1.9 4.9 7.0104E-5
1.9 5 1.2138E-4
1.9 5.1 1.5446E-4
1.9 5.2 1.7069E-4
1.9 5.3 1.7048E-4
1.9 5.4 1.5702E-4
1.9 5.5 1.3473E-4
1.9 5.6 1.0839E-4
1.9 5.7 8.2154E-5
1.9 5.8 5.8054E-5
1.9 5.9 3.8416E-5
1.9 6 2.364E-5
1.9 6.1 1.3415E-5
1.9 6.2 6.8648E-6
2 -2.1  7.5022E-6
2 -2  8.0216E-6
2 0.7 1.0024E-5
2 0.8 2.3324E-5
2 1.8 1.0028E-5
2 1.9 2.5518E-5
2 2 9.0408E-5
2 2.1 2.8E-4
2 2.2 3.7042E-5
2 2.3 5.7106E-6
2 2.7 6.8676E-6
2 2.8 1.8373E-5
2 2.9 6.5886E-5
2 3 1.5963E-4
2 3.1 2.4E-4
2 3.2 5.206E-5
2 3.3 1.0669E-5
2 3.6 5.6114E-6
2 3.7 5.9526E-5
2 3.8 9.1964E-5
2 3.9 8.3426E-5
2 4 7.1268E-5
2 4.1 7.3014E-5
2 4.2 6.2104E-5
2 4.3 4.1304E-5
2 4.4 1.6906E-5
2 4.6 7.7266E-6
2 4.7 3.2034E-5
2 4.8 7.0378E-5
2 4.9 1.1612E-4
2 5 1.6133E-4
2 5.1 1.9838E-4
2 5.2 2.2E-4
2 5.3 2.2E-4
2 5.4 2.2E-4
2 5.5 1.934E-4
2 5.6 1.6022E-4
2 5.7 1.24E-4
2 5.8 8.865E-5
2 5.9 5.881E-5
2 6 3.5916E-5
2 6.1 1.9878E-5
2 6.2 9.8348E-6
2.1 -2.3  6.2238E-6
2.1 1.5 1.9595E-5
2.1 1.6 4.6944E-5
2.1 1.7 6.2444E-5
2.1 1.8 1.8735E-5
2.1 1.9 1.0454E-5
2.1 2 6.6652E-6
2.1 2.5 1.0915E-5
2.1 2.6 7.9852E-5
2.1 2.7 3.4502E-5
2.1 2.8 2.2044E-5
2.1 2.9 1.8918E-5
2.1 3 1.9352E-5
2.1 3.1 2.5096E-5
2.1 3.2 4.4908E-5
2.1 3.3 3.047E-5
2.1 3.6 1.5305E-5
2.1 3.7 4.7926E-5
2.1 3.8 8.543E-5
2.1 3.9 1.1317E-4
2.1 4 1.1916E-4
2.1 4.1 1.0113E-4
2.1 4.2 6.7102E-5
2.1 4.3 3.0354E-5
2.1 4.4 5.7436E-6
2.1 4.6 2.1384E-5
2.1 4.7 6.7506E-5
2.1 4.8 1.351E-4
2.1 4.9 2.2E-4
2.1 5 2.8E-4
2.1 5.1 3.4E-4
2.1 5.2 3.6E-4
2.1 5.3 3.6E-4
2.1 5.4 3.2E-4
2.1 5.5 2.8E-4
2.1 5.6 2.2E-4
2.1 5.7 1.6214E-4
2.1 5.8 1.1177E-4
2.1 5.9 7.144E-5
2.1 6 4.2186E-5
2.1 6.1 2.2684E-5
2.1 6.2 1.0845E-5
2.2 1 1.5482E-5
2.2 1.1 1.3662E-5
2.2 1.8 6.2914E-6
2.2 1.9 1.2747E-5
2.2 2 4.1102E-5
2.2 2.1 4.3158E-5
2.2 2.2 1.4093E-5
2.2 2.6 8.9964E-6
2.2 2.7 3.086E-5
2.2 2.8 1.6341E-4
2.2 2.9 1.1813E-4
2.2 3 3.2198E-5
2.2 3.1 1.7701E-5
2.2 3.2 1.733E-5
2.2 3.3 5.557E-6
2.2 3.5 1.4136E-5
2.2 3.6 4.0834E-5
2.2 3.7 7.212E-5
2.2 3.8 9.7612E-5
2.2 3.9 1.0907E-4
2.2 4 1.0325E-4
2.2 4.1 8.122E-5
2.2 4.2 5.1722E-5
2.2 4.3 1.8553E-5
2.2 4.5 1.2799E-5
2.2 4.6 6.0778E-5
2.2 4.7 1.3587E-4
2.2 4.8 2.2E-4
2.2 4.9 3.2E-4
2.2 5 4E-4
2.2 5.1 4.4E-4
2.2 5.2 4.6E-4
2.2 5.3 4.4E-4
2.2 5.4 4E-4
2.2 5.5 3.4E-4
2.2 5.6 2.6E-4
2.2 5.7 1.9635E-4
2.2 5.8 1.3599E-4
2.2 5.9 8.7056E-5
2.2 6 5.0978E-5
2.2 6.1 2.679E-5
2.2 6.2 1.2255E-5
2.3 0.6 1.4713E-5
2.3 0.7 8.004E-6
2.3 1.5 7.2252E-6
2.3 1.6 2.8576E-5
2.3 1.7 5.6788E-5
2.3 1.8 1.4463E-5
2.3 1.9 6.4444E-6
2.3 2.4 1.0552E-5
2.3 2.5 2.1224E-5
2.3 2.6 1.5162E-5
2.3 2.7 2.1106E-5
2.3 2.8 6.0186E-5
2.3 2.9 7.0294E-5
2.3 3 5.2872E-5
2.3 3.1 2.9638E-5
2.3 3.2 1.0176E-5
2.3 3.5 2.6018E-5
2.3 3.6 5.8572E-5
2.3 3.7 9.5006E-5
2.3 3.8 1.2398E-4
2.3 3.9 1.34E-4
2.3 4 1.133E-4
2.3 4.1 7.4244E-5
2.3 4.2 3.363E-5
2.3 4.5 3.797E-5
2.3 4.6 1.0926E-4
2.3 4.7 2E-4
2.3 4.8 3.2E-4
2.3 4.9 4.4E-4
2.3 5 5.4E-4
2.3 5.1 6E-4
2.3 5.2 6.2E-4
2.3 5.3 5.8E-4
2.3 5.4 5.2E-4
2.3 5.5 4.4E-4
2.3 5.6 3.4E-4
2.3 5.7 2.4E-4
2.3 5.8 1.6225E-4
2.3 5.9 9.9756E-5
2.3 6 5.5788E-5
2.3 6.1 2.7652E-5
2.3 6.2 1.1677E-5
2.4 1.8 1.1416E-5
2.4 1.9 2.8296E-5
2.4 2 2.9146E-5
2.4 2.4 1.0129E-5
2.4 2.5 2.884E-5
2.4 2.6 4.0316E-5
2.4 2.7 4.9194E-5
2.4 2.8 5.1922E-5
2.4 2.9 4.6156E-5
2.4 3 3.2972E-5
2.4 3.1 1.6137E-5
2.4 3.4 1.6273E-5
2.4 3.5 4.5174E-5
2.4 3.6 7.9974E-5
2.4 3.7 1.0708E-4
2.4 3.8 1.1812E-4
2.4 3.9 1.125E-4
2.4 4 8.7368E-5
2.4 4.1 5.0224E-5
2.4 4.2 1.5678E-5
2.4 4.4 2.194E-5
2.4 4.5 8.8616E-5
2.4 4.6 2E-4
2.4 4.7 3.4E-4
2.4 4.8 5E-4
2.4 4.9 6.2E-4
2.4 5 7.2E-4
2.4 5.1 7.6E-4
2.4 5.2 7.6E-4
2.4 5.3 7E-4
2.4 5.4 6E-4
2.4 5.5 4.8E-4
2.4 5.6 3.6E-4
2.4 5.7 2.6E-4
2.4 5.8 1.6786E-4
2.4 5.9 1.0066E-4
2.4 6 5.4304E-5
2.4 6.1 2.5608E-5
2.4 6.2 9.8846E-6
2.5 1.5 2.3444E-5
2.5 1.6 1.4763E-5
2.5 2.4 1.2959E-5
2.5 2.5 2.509E-5
2.5 2.6 3.736E-5
2.5 2.7 4.5336E-5
2.5 2.8 4.5008E-5
2.5 2.9 3.5724E-5
2.5 3 2.0756E-5
2.5 3.1 6.5366E-6
2.5 3.3 6.979E-6
2.5 3.4 2.6724E-5
2.5 3.5 5.6452E-5
2.5 3.6 9.0206E-5
2.5 3.7 1.1573E-4
2.5 3.8 1.2291E-4
2.5 3.9 1.073E-4
2.5 4 7.234E-5
2.5 4.1 3.1412E-5
2.5 4.3 8.25E-6
2.5 4.4 5.8898E-5
2.5 4.5 1.5942E-4
2.5 4.6 3E-4
2.5 4.7 4.6E-4
2.5 4.8 6.2E-4
2.5 4.9 7.6E-4
2.5 5 8.4E-4
2.5 5.1 8.8E-4
2.5 5.2 8.6E-4
2.5 5.3 7.8E-4
2.5 5.4 6.6E-4
2.5 5.5 5.2E-4
2.5 5.6 4E-4
2.5 5.7 2.8E-4
2.5 5.8 1.7617E-4
2.5 5.9 1.0236E-4
2.5 6 5.266E-5
2.5 6.1 2.3108E-5
2.5 6.2 7.8554E-6
2.6 1.6 8.4246E-6
2.6 1.7 9.0572E-6
2.6 1.8 6.0154E-6
2.6 2.3 6.9138E-6
2.6 2.4 1.574E-5
2.6 2.5 2.56E-5
2.6 2.6 3.3198E-5
2.6 2.7 3.5566E-5
2.6 2.8 3.1504E-5
2.6 2.9 2.1588E-5
2.6 3 9.8946E-6
2.6 3.3 1.6265E-5
2.6 3.4 4.2816E-5
2.6 3.5 7.5606E-5
2.6 3.6 1.0447E-4
2.6 3.7 1.1863E-4
2.6 3.8 1.1146E-4
2.6 3.9 8.4184E-5
2.6 4 4.5704E-5
2.6 4.1 1.2121E-5
2.6 4.3 3.1574E-5
2.6 4.4 1.1263E-4
2.6 4.5 2.4E-4
2.6 4.6 4.2E-4
2.6 4.7 6E-4
2.6 4.8 8E-4
2.6 4.9 9.4E-4
2.6 5 0.001
2.6 5.1 0.001
2.6 5.2 0.001
2.6 5.3 8.8E-4
2.6 5.4 7.4E-4
2.6 5.5 5.8E-4
2.6 5.6 4.2E-4
2.6 5.7 2.8E-4
2.6 5.8 1.7203E-4
2.6 5.9 9.475E-5
2.6 6 4.49E-5
2.6 6.1 1.7616E-5
2.7 2.3 8.144E-6
2.7 2.4 1.535E-5
2.7 2.5 2.2568E-5
2.7 2.6 2.736E-5
2.7 2.7 2.7502E-5
2.7 2.8 2.2142E-5
2.7 2.9 1.2763E-5
2.7 3.2 7.213E-6
2.7 3.3 2.5684E-5
2.7 3.4 5.1966E-5
2.7 3.5 7.955E-5
2.7 3.6 9.9198E-5
2.7 3.7 1.0254E-4
2.7 3.8 8.7844E-5
2.7 3.9 5.7832E-5
2.7 4 2.3066E-5
2.7 4.2 1.3071E-5
2.7 4.3 7.3792E-5
2.7 4.4 1.9309E-4
2.7 4.5 3.6E-4
2.7 4.6 5.8E-4
2.7 4.7 7.8E-4
2.7 4.8 9.8E-4
2.7 4.9 0.0011
2.7 5 0.0012
2.7 5.1 0.0011
2.7 5.2 0.0011
2.7 5.3 9.2E-4
2.7 5.4 7.4E-4
2.7 5.5 5.6E-4
2.7 5.6 4E-4
2.7 5.7 2.6E-4
2.7 5.8 1.5138E-4
2.7 5.9 7.9208E-5
2.7 6 3.4866E-5
2.7 6.1 1.1857E-5
2.8 2.3 8.8128E-6
2.8 2.4 1.4769E-5
2.8 2.5 1.9783E-5
2.8 2.6 2.1682E-5
2.8 2.7 1.9202E-5
2.8 2.8 1.2886E-5
2.8 3.2 1.3332E-5
2.8 3.3 3.3358E-5
2.8 3.4 5.8372E-5
2.8 3.5 8.1508E-5
2.8 3.6 9.4236E-5
2.8 3.7 8.9962E-5
2.8 3.8 6.8112E-5
2.8 3.9 3.576E-5
2.8 4 8.0438E-6
2.8 4.2 4.0674E-5
2.8 4.3 1.3343E-4
2.8 4.4 2.8E-4
2.8 4.5 4.8E-4
2.8 4.6 7E-4
2.8 4.7 9E-4
2.8 4.8 0.0011
2.8 4.9 0.0012
2.8 5 0.0012
2.8 5.1 0.0012
2.8 5.2 0.0011
2.8 5.3 9.2E-4
2.8 5.4 7.4E-4
2.8 5.5 5.4E-4
2.8 5.6 3.8E-4
2.8 5.7 2.4E-4
2.8 5.8 1.3434E-4
2.8 5.9 6.5386E-5
2.8 6 2.5866E-5
2.8 6.1 6.6878E-6
2.9 2.3 7.9924E-6
2.9 2.4 1.1749E-5
2.9 2.5 1.4209E-5
2.9 2.6 1.4169E-5
2.9 2.7 1.1204E-5
2.9 2.8 6.2088E-6
2.9 3.1 6.1372E-6
2.9 3.2 2.0164E-5
2.9 3.3 4.0794E-5
2.9 3.4 6.2678E-5
2.9 3.5 7.8616E-5
2.9 3.6 8.208E-5
2.9 3.7 6.9204E-5
2.9 3.8 4.3952E-5
2.9 3.9 1.5676E-5
2.9 4.1 1.7125E-5
2.9 4.2 7.9694E-5
2.9 4.3 1.9779E-4
2.9 4.4 3.8E-4
2.9 4.5 5.8E-4
2.9 4.6 8E-4
2.9 4.7 0.001
2.9 4.8 0.0012
2.9 4.9 0.0013
2.9 5 0.0013
2.9 5.1 0.0012
2.9 5.2 0.0011
2.9 5.3 9.2E-4
2.9 5.4 7E-4
2.9 5.5 5.2E-4
2.9 5.6 3.4E-4
2.9 5.7 2E-4
2.9 5.8 1.066E-4
2.9 5.9 4.7046E-5
2.9 6 1.5362E-5
2.9 6.5 6.1442E-6
2.9 6.6 5.9024E-6
3 2.3 6.2602E-6
3 2.4 8.6612E-6
3 2.5 9.8904E-6
3 2.6 9.1116E-6
3 2.7 6.1964E-6
3 3.1 1.0292E-5
3 3.2 2.455E-5
3 3.3 4.212E-5
3 3.4 5.7952E-5
3 3.5 6.6294E-5
3 3.6 6.264E-5
3 3.7 4.6344E-5
3 3.8 2.292E-5
3 4.1 4.3724E-5
3 4.2 1.3347E-4
3 4.3 2.8E-4
3 4.4 4.8E-4
3 4.5 7E-4
3 4.6 9.4E-4
3 4.7 0.0011
3 4.8 0.0013
3 4.9 0.0013
3 5 0.0013
3 5.1 0.0012
3 5.2 0.001
3 5.3 8.4E-4
3 5.4 6.4E-4
3 5.5 4.4E-4
3 5.6 2.8E-4
3 5.7 1.5982E-4
3 5.8 7.8166E-5
3 5.9 3.0418E-5
3 6 7.6628E-6
3 6.4 7.3942E-6
3 6.5 8.0716E-6
3 6.6 7.0922E-6
3.1 2.4 6.0114E-6
3.1 2.5 6.2388E-6
3.1 3.1 1.2915E-5
3.1 3.2 2.5662E-5
3.1 3.3 3.9556E-5
3.1 3.4 5.0264E-5
3.1 3.5 5.2966E-5
3.1 3.6 4.502E-5
3.1 3.7 2.799E-5
3.1 3.8 8.9958E-6
3.1 4 1.8743E-5
3.1 4.1 7.8922E-5
3.1 4.2 1.8985E-4
3.1 4.3 3.6E-4
3.1 4.4 5.6E-4
3.1 4.5 7.8E-4
3.1 4.6 9.8E-4
3.1 4.7 0.0012
3.1 4.8 0.0013
3.1 4.9 0.0013
3.1 5 0.0012
3.1 5.1 0.0011
3.1 5.2 9.4E-4
3.1 5.3 7.4E-4
3.1 5.4 5.4E-4
3.1 5.5 3.8E-4
3.1 5.6 2.2E-4
3.1 5.7 1.216E-4
3.1 5.8 5.3964E-5
3.1 5.9 1.7349E-5
3.1 6.3 7.782E-6
3.1 6.4 9.7696E-6
3.1 6.5 9.5238E-6
3.1 6.6 7.6824E-6
3.2 3 6.1014E-6
3.2 3.1 1.4517E-5
3.2 3.2 2.5296E-5
3.2 3.3 3.5602E-5
3.2 3.4 4.1544E-5
3.2 3.5 3.9596E-5
3.2 3.6 2.8936E-5
3.2 3.7 1.3358E-5
3.2 3.9 5.8354E-6
3.2 4 4.0112E-5
3.2 4.1 1.1589E-4
3.2 4.2 2.4E-4
3.2 4.3 4E-4
3.2 4.4 6E-4
3.2 4.5 8E-4
3.2 4.6 0.001
3.2 4.7 0.0011
3.2 4.8 0.0012
3.2 4.9 0.0012
3.2 5 0.0012
3.2 5.1 0.001
3.2 5.2 8.6E-4
3.2 5.3 6.6E-4
3.2 5.4 4.6E-4
3.2 5.5 3E-4
3.2 5.6 1.7526E-4
3.2 5.7 8.6412E-5
3.2 5.8 3.3308E-5
3.2 5.9 7.478E-6
3.2 6.2 7.0544E-6
3.2 6.3 1.0568E-5
3.2 6.4 1.1544E-5
3.2 6.5 1.0235E-5
3.2 6.6 7.6648E-6
3.3 3 7.1006E-6
3.3 3.1 1.4232E-5
3.3 3.2 2.2112E-5
3.3 3.3 2.8256E-5
3.3 3.4 3.005E-5
3.3 3.5 2.5286E-5
3.3 3.6 1.5098E-5
3.3 3.9 1.6439E-5
3.3 4 6.3842E-5
3.3 4.1 1.5117E-4
3.3 4.2 2.8E-4
3.3 4.3 4.6E-4
3.3 4.4 6.4E-4
3.3 4.5 8.4E-4
3.3 4.6 0.001
3.3 4.7 0.0011
3.3 4.8 0.0012
3.3 4.9 0.0011
3.3 5 0.0011
3.3 5.1 9E-4
3.3 5.2 7.2E-4
3.3 5.3 5.4E-4
3.3 5.4 3.6E-4
3.3 5.5 2.2E-4
3.3 5.6 1.2053E-4
3.3 5.7 5.3082E-5
3.3 5.8 1.6563E-5
3.3 6.2 1.0415E-5
3.3 6.3 1.3082E-5
3.3 6.4 1.2849E-5
3.3 6.5 1.0577E-5
3.3 6.6 7.3784E-6
3.4 3 6.756E-6
3.4 3.1 1.2017E-5
3.4 3.2 1.716E-5
3.4 3.3 2.039E-5
3.4 3.4 1.9736E-5
3.4 3.5 1.4401E-5
3.4 3.6 6.2388E-6
3.4 3.9 3.1644E-5
3.4 4 8.993E-5
3.4 4.1 1.8496E-4
3.4 4.2 3.2E-4
3.4 4.3 4.8E-4
3.4 4.4 6.6E-4
3.4 4.5 8.2E-4
3.4 4.6 9.4E-4
3.4 4.7 0.001
3.4 4.8 0.001
3.4 4.9 0.001
3.4 5 9E-4
3.4 5.1 7.4E-4
3.4 5.2 5.8E-4
3.4 5.3 4.2E-4
3.4 5.4 2.8E-4
3.4 5.5 1.6108E-4
3.4 5.6 7.9564E-5
3.4 5.7 3.0684E-5
3.4 5.8 6.8942E-6
3.4 6.1 9.2258E-6
3.4 6.2 1.3613E-5
3.4 6.3 1.496E-5
3.4 6.4 1.3398E-5
3.4 6.5 1.0143E-5
3.4 6.6 6.5108E-6
3.5 3 5.664E-6
3.5 3.1 9.3274E-6
3.5 3.2 1.2432E-5
3.5 3.3 1.3621E-5
3.5 3.4 1.1703E-5
3.5 3.5 6.8504E-6
3.5 3.8 1.2883E-5
3.5 3.9 4.5872E-5
3.5 4 1.0716E-4
3.5 4.1 1.9991E-4
3.5 4.2 3.2E-4
3.5 4.3 4.6E-4
3.5 4.4 6.2E-4
3.5 4.5 7.4E-4
3.5 4.6 8.4E-4
3.5 4.7 9E-4
3.5 4.8 9E-4
3.5 4.9 8.4E-4
3.5 5 7.4E-4
3.5 5.1 6.2E-4
3.5 5.2 4.6E-4
3.5 5.3 3.2E-4
3.5 5.4 2E-4
3.5 5.5 1.0899E-4
3.5 5.6 4.7408E-5
3.5 5.7 1.4047E-5
3.5 6 6.9214E-6
3.5 6.1 1.2498E-5
3.5 6.2 1.5571E-5
3.5 6.3 1.5294E-5
3.5 6.4 1.2696E-5
3.5 6.5 8.9252E-6
3.6 3.1 6.4652E-6
3.6 3.2 8.0726E-6
3.6 3.3 8.0484E-6
3.6 3.4 5.9012E-6
3.6 3.8 2.0616E-5
3.6 3.9 5.6206E-5
3.6 4 1.1699E-4
3.6 4.1 2E-4
3.6 4.2 3.2E-4
3.6 4.3 4.4E-4
3.6 4.4 5.6E-4
3.6 4.5 6.8E-4
3.6 4.6 7.6E-4
3.6 4.7 7.8E-4
3.6 4.8 7.8E-4
3.6 4.9 7E-4
3.6 5 6E-4
3.6 5.1 4.8E-4
3.6 5.2 3.6E-4
3.6 5.3 2.4E-4
3.6 5.4 1.3568E-4
3.6 5.5 6.6644E-5
3.6 5.6 2.452E-5
3.6 6 1.0362E-5
3.6 6.1 1.498E-5
3.6 6.2 1.6502E-5
3.6 6.3 1.4966E-5
3.6 6.4 1.1494E-5
3.6 6.5 7.5054E-6
3.7 3.7 7.8306E-6
3.7 3.8 2.66E-5
3.7 3.9 6.2472E-5
3.7 4 1.1941E-4
3.7 4.1 1.9809E-4
3.7 4.2 3E-4
3.7 4.3 4E-4
3.7 4.4 5E-4
3.7 4.5 5.8E-4
3.7 4.6 6.4E-4
3.7 4.7 6.4E-4
3.7 4.8 6.2E-4
3.7 4.9 5.4E-4
3.7 5 4.6E-4
3.7 5.1 3.6E-4
3.7 5.2 2.4E-4
3.7 5.3 1.5539E-4
3.7 5.4 8.4038E-5
3.7 5.5 3.6266E-5
3.7 5.6 1.0172E-5
3.7 5.9 7.6242E-6
3.7 6 1.3374E-5
3.7 6.1 1.656E-5
3.7 6.2 1.6473E-5
3.7 6.3 1.3795E-5
3.7 6.4 9.8246E-6
3.7 6.5 5.9086E-6
3.8 3.7 1.0706E-5
3.8 3.8 2.967E-5
3.8 3.9 6.3052E-5
3.8 4 1.1306E-4
3.8 4.1 1.7874E-4
3.8 4.2 2.6E-4
3.8 4.3 3.4E-4
3.8 4.4 4.2E-4
3.8 4.5 4.6E-4
3.8 4.6 5E-4
3.8 4.7 5E-4
3.8 4.8 4.8E-4
3.8 4.9 4.2E-4
3.8 5 3.4E-4
3.8 5.1 2.4E-4
3.8 5.2 1.6887E-4
3.8 5.3 9.9624E-5
3.8 5.4 4.8944E-5
3.8 5.5 1.8026E-5
3.8 5.9 1.0655E-5
3.8 6 1.5155E-5
3.8 6.1 1.6652E-5
3.8 6.2 1.5143E-5
3.8 6.3 1.1695E-5
3.8 6.4 7.6782E-6
3.9 3.7 1.1716E-5
3.9 3.8 2.8396E-5
3.9 3.9 5.6198E-5
3.9 4 9.6538E-5
3.9 4.1 1.4876E-4
3.9 4.2 2E-4
3.9 4.3 2.8E-4
3.9 4.4 3.2E-4
3.9 4.5 3.6E-4
3.9 4.6 3.8E-4
3.9 4.7 3.8E-4
3.9 4.8 3.6E-4
3.9 4.9 3E-4
3.9 5 2.4E-4
3.9 5.1 1.7001E-4
3.9 5.2 1.0881E-4
3.9 5.3 5.9246E-5
3.9 5.4 2.5066E-5
3.9 5.5 6.4774E-6
3.9 5.8 7.3934E-6
3.9 5.9 1.247E-5
3.9 6 1.5311E-5
3.9 6.1 1.5292E-5
3.9 6.2 1.2938E-5
3.9 6.3 9.3152E-6
3.9 6.4 5.6654E-6
4 3.7 1.0776E-5
4 3.8 2.444E-5
4 3.9 4.6618E-5
4 4 7.8326E-5
4 4.1 1.1879E-4
4 4.2 1.6468E-4
4 4.3 2.2E-4
4 4.4 2.6E-4
4 4.5 2.8E-4
4 4.6 2.8E-4
4 4.7 2.8E-4
4 4.8 2.4E-4
4 4.9 2E-4
4 5 1.5688E-4
4 5.1 1.0703E-4
4 5.2 6.4132E-5
4 5.3 3.1516E-5
4 5.4 1.0662E-5
4 5.8 9.4748E-6
4 5.9 1.3326E-5
4 6 1.4674E-5
4 6.1 1.3523E-5
4 6.2 1.0607E-5
4 6.3 7.0644E-6
4.1 3.7 8.5314E-6
4.1 3.8 1.8703E-5
4.1 3.9 3.5028E-5
4.1 4 5.821E-5
4.1 4.1 8.7512E-5
4.1 4.2 1.2016E-4
4.1 4.3 1.5186E-4
4.1 4.4 1.7839E-4
4.1 4.5 1.9523E-4
4.1 4.6 1.9876E-4
4.1 4.7 1.8827E-4
4.1 4.8 1.6534E-4
4.1 4.9 1.3365E-4
4.1 5 9.8002E-5
4.1 5.1 6.3608E-5
4.1 5.2 3.5112E-5
4.1 5.3 1.476E-5
4.1 5.7 6.3974E-6
4.1 5.8 1.0613E-5
4.1 5.9 1.3016E-5
4.1 6 1.3003E-5
4.1 6.1 1.1076E-5
4.1 6.2 8.0462E-6
4.2 3.8 1.2321E-5
4.2 3.9 2.3092E-5
4.2 4 3.8648E-5
4.2 4.1 5.862E-5
4.2 4.2 8.045E-5
4.2 4.3 1.0132E-4
4.2 4.4 1.1886E-4
4.2 4.5 1.2965E-4
4.2 4.6 1.3107E-4
4.2 4.7 1.228E-4
4.2 4.8 1.0585E-4
4.2 4.9 8.314E-5
4.2 5 5.8378E-5
4.2 5.1 3.55E-5
4.2 5.2 1.7392E-5
4.2 5.3 5.7996E-6
4.2 5.7 7.5038E-6
4.2 5.8 1.045E-5
4.2 5.9 1.1523E-5
4.2 6 1.0661E-5
4.2 6.1 8.4298E-6
4.2 6.2 5.6536E-6
4.3 3.8 6.333E-6
4.3 3.9 1.2839E-5
4.3 4 2.2536E-5
4.3 4.1 3.518E-5
4.3 4.2 4.9504E-5
4.3 4.3 6.3322E-5
4.3 4.4 7.4758E-5
4.3 4.5 8.1714E-5
4.3 4.6 8.2004E-5
4.3 4.7 7.557E-5
4.3 4.8 6.37E-5
4.3 4.9 4.8214E-5
4.3 5 3.201E-5
4.3 5.1 1.7846E-5
4.3 5.2 7.3692E-6
4.3 5.7 7.6542E-6
4.3 5.8 9.3968E-6
4.3 5.9 9.516E-6
4.3 6 8.1968E-6
4.3 6.1 6.0442E-6
4.4 3.9 5.8108E-6
4.4 4 1.1108E-5
4.4 4.1 1.8458E-5
4.4 4.2 2.7116E-5
4.4 4.3 3.582E-5
4.4 4.4 4.2954E-5
4.4 4.5 4.709E-5
4.4 4.6 4.7084E-5
4.4 4.7 4.2854E-5
4.4 4.8 3.5196E-5
4.4 4.9 2.5592E-5
4.4 5 1.5909E-5
4.4 5.1 7.953E-6
4.4 5.7 7.1054E-6
4.4 5.8 7.9218E-6
4.4 5.9 7.4516E-6
4.4 6 5.9864E-6
4.5 4.1 7.7296E-6
4.5 4.2 1.2415E-5
4.5 4.3 1.7555E-5
4.5 4.4 2.1642E-5
4.5 4.5 2.4196E-5
4.5 4.6 2.4504E-5
4.5 4.7 2.2152E-5
4.5 4.8 1.7882E-5
4.5 4.9 1.2459E-5
4.5 5 7.1364E-6
4.5 5.7 5.9998E-6
4.5 5.8 6.152E-6
4.6 4.3 6.8808E-6
4.6 4.4 9.3232E-6
4.6 4.5 1.1057E-5
4.6 4.6 1.1501E-5
4.6 4.7 1.0491E-5
4.6 4.8 8.2846E-6
4.9 3.6 6.1634E-6
4.9 3.7 6.2124E-6
4.9 3.8 5.6012E-6
5 3.5 6.3416E-6
5 3.6 7.221E-6
5 3.7 7.4668E-6
5 3.8 7.0352E-6
5 3.9 6.0246E-6
5.1 3.5 6.5868E-6
5.1 3.6 7.5942E-6
5.1 3.7 8.0208E-6
5.1 3.8 7.7662E-6
5.1 3.9 6.8864E-6
5.1 4 5.568E-6
5.2 3.5 6.2592E-6
5.2 3.6 7.2664E-6
5.2 3.7 7.7512E-6
5.2 3.8 7.6126E-6
5.2 3.9 6.8842E-6
5.2 4 5.7086E-6
5.3 3.6 6.2868E-6
5.3 3.7 6.766E-6
5.3 3.8 6.7032E-6
5.3 3.9 6.1214E-6
6 12.9  6.2622E-6
6 13  6.8342E-6
6 13.1  6.7886E-6
6 13.2  6.1938E-6
6.1 12.7  6.6598E-6
6.1 12.8  8.7878E-6
6.1 12.9  1.029E-5
6.1 13  1.0938E-5
6.1 13.1  1.0657E-5
6.1 13.2  9.579E-6
6.1 13.3  7.9654E-6
6.1 13.4  6.1208E-6
6.2 12.6  7.8538E-6
6.2 12.7  1.1222E-5
6.2 12.8  1.407E-5
6.2 12.9  1.5874E-5
6.2 13  1.6405E-5
6.2 13.1  1.5647E-5
6.2 13.2  1.3844E-5
6.2 13.3  1.1378E-5
6.2 13.4  8.6742E-6
6.2 13.5  6.1156E-6
6.3 12.5  8.383E-6
6.3 12.6  1.3036E-5
6.3 12.7  1.752E-5
6.3 12.8  2.107E-5
6.3 12.9  2.3054E-5
6.3 13  2.3302E-5
6.3 13.1  2.1798E-5
6.3 13.2  1.8985E-5
6.3 13.3  1.5361E-5
6.3 13.4  1.1527E-5
6.3 13.5  7.9976E-6
6.4 12.4  8.2304E-6
6.4 12.5  1.4071E-5
6.4 12.6  2.0384E-5
6.4 12.7  2.6056E-5
6.4 12.8  3.0176E-5
6.4 12.9  3.2086E-5
6.4 13  3.16E-5
6.4 13.1  2.8948E-5
6.4 13.2  2.4646E-5
6.4 13.3  1.964E-5
6.4 13.4  1.4479E-5
6.4 13.5  9.868E-6
6.4 13.6  6.1358E-6
6.5 12.3  7.3048E-6
6.5 12.4  1.3955E-5
6.5 12.5  2.1902E-5
6.5 12.6  2.99E-5
6.5 12.7  3.6582E-5
6.5 12.8  4.0998E-5
6.5 12.9  4.2392E-5
6.5 13  4.0756E-5
6.5 13.1  3.65E-5
6.5 13.2  3.0464E-5
6.5 13.3  2.366E-5
6.5 13.4  1.7017E-5
6.5 13.5  1.1262E-5
6.5 13.6  6.7984E-6
6.6 12.2  5.8446E-6
6.6 12.3  1.2833E-5
6.6 12.4  2.1944E-5
6.6 12.5  3.2E-5
6.6 12.6  4.1502E-5
6.6 12.7  4.8844E-5
6.6 12.8  5.2998E-5
6.6 12.9  5.3308E-5
6.6 13  5.008E-5
6.6 13.1  4.386E-5
6.6 13.2  3.586E-5
6.6 13.3  2.7282E-5
6.6 13.4  1.915E-5
6.6 13.5  1.2285E-5
6.6 13.6  7.091E-6
6.7 11.5  5.5662E-6
6.7 12.2  1.0726E-5
6.7 12.3  2.0374E-5
6.7 12.4  3.199E-5
6.7 12.5  4.4052E-5
6.7 12.6  5.473E-5
6.7 12.7  6.2348E-5
6.7 12.8  6.577E-5
6.7 12.9  6.4608E-5
6.7 13  5.9186E-5
6.7 13.1  5.072E-5
6.7 13.2  4.0426E-5
6.7 13.3  2.9894E-5
6.7 13.4  2.0314E-5
6.7 13.5  1.2543E-5
6.7 13.6  6.8984E-6
6.8 12.1  8.2712E-6
6.8 12.2  1.7626E-5
6.8 12.3  3.0132E-5
6.8 12.4  4.417E-5
6.8 12.5  5.8022E-5
6.8 12.6  6.9472E-5
6.8 12.7  7.6684E-5
6.8 12.8  7.8652E-5
6.8 12.9  7.5256E-5
6.8 13  6.7328E-5
6.8 13.1  5.6172E-5
6.8 13.2  4.3578E-5
6.8 13.3  3.1258E-5
6.8 13.4  2.049E-5
6.8 13.5  1.2055E-5
6.8 13.6  6.1842E-6
6.9 12  5.592E-6
6.9 12.1  1.4095E-5
6.9 12.2  2.6464E-5
6.9 12.3  4.1702E-5
6.9 12.4  5.793E-5
6.9 12.5  7.2724E-5
6.9 12.6  8.4006E-5
6.9 12.7  8.9966E-5
6.9 12.8  8.9836E-5
6.9 12.9  8.3802E-5
6.9 13  7.301E-5
6.9 13.1  5.9306E-5
6.9 13.2  4.4636E-5
6.9 13.3  3.098E-5
6.9 13.4  1.945E-5
6.9 13.5  1.082E-5
7 12  1.0254E-5
7 12.1  2.1634E-5
7 12.2  3.6724E-5
7 12.3  5.4286E-5
7 12.4  7.1942E-5
7 12.5  8.7106E-5
7 12.6  9.7534E-5
7 12.7  1.0154E-4
7 12.8  9.8808E-5
7 12.9  8.9856E-5
7 13  7.633E-5
7 13.1  6.0316E-5
7 13.2  4.4014E-5
7 13.3  2.9334E-5
7 13.4  1.7545E-5
7 13.5  9.0644E-6
7.1 11.9  6.6642E-6
7.1 12  1.629E-5
7.1 12.1  3.0512E-5
7.1 12.2  4.8102E-5
7.1 12.3  6.741E-5
7.1 12.4  8.5684E-5
7.1 12.5  1.0033E-4
7.1 12.6  1.0917E-4
7.1 12.7  1.1062E-4
7.1 12.8  1.0507E-4
7.1 12.9  9.3078E-5
7.1 13  7.694E-5
7.1 13.1  5.889E-5
7.1 13.2  4.1354E-5
7.1 13.3  2.629E-5
7.1 13.4  1.4717E-5
7.1 13.5  6.9132E-6
7.2 11.9  1.142E-5
7.2 12  2.3634E-5
7.2 12.1  4.0276E-5
7.2 12.2  5.9824E-5
7.2 12.3  8.0076E-5
7.2 12.4  9.8226E-5
7.2 12.5  1.1149E-4
7.2 12.6  1.1782E-4
7.2 12.7  1.1629E-4
7.2 12.8  1.0735E-4
7.2 12.9  9.2464E-5
7.2 13  7.3998E-5
7.2 13.1  5.4722E-5
7.2 13.2  3.684E-5
7.2 13.3  2.2198E-5
7.2 13.4  1.1498E-5
7.3 11.8  7.1226E-6
7.3 11.9  1.6988E-5
7.3 12  3.1556E-5
7.3 12.1  5.0078E-5
7.3 12.2  7.0526E-5
7.3 12.3  9.0686E-5
7.3 12.4  1.0752E-4
7.3 12.5  1.1832E-4
7.3 12.6  1.2178E-4
7.3 12.7  1.1707E-4
7.3 12.8  1.0521E-4
7.3 12.9  8.8104E-5
7.3 13  6.829E-5
7.3 13.1  4.862E-5
7.3 13.2  3.1144E-5
7.3 13.3  1.7518E-5
7.3 13.4  8.189E-6
7.4 11.8  1.1268E-5
7.4 11.9  2.3012E-5
7.4 12  3.9222E-5
7.4 12.1  5.8722E-5
7.4 12.2  7.94E-5
7.4 12.3  9.8538E-5
7.4 12.4  1.1339E-4
7.4 12.5  1.2154E-4
7.4 12.6  1.2179E-4
7.4 12.7  1.1402E-4
7.4 12.8  9.9698E-5
7.4 12.9  8.0928E-5
7.4 13  6.053E-5
7.4 13.1  4.1328E-5
7.4 13.2  2.5006E-5
7.4 13.3  1.3055E-5
7.5 11.7  6.6888E-6
7.5 11.8  1.559E-5
7.5 11.9  2.898E-5
7.5 12  4.6134E-5
7.5 12.1  6.5888E-5
7.5 12.2  8.5754E-5
7.5 12.3  1.0311E-4
7.5 12.4  1.1531E-4
7.5 12.5  1.2037E-4
7.5 12.6  1.175E-4
7.5 12.7  1.0711E-4
7.5 12.8  9.0988E-5
7.5 12.9  7.144E-5
7.5 13  5.1304E-5
7.5 13.1  3.3128E-5
7.5 13.2  1.8602E-5
7.5 13.3  8.5622E-6
7.6 11.7  9.7274E-6
7.6 11.8  1.9894E-5
7.6 11.9  3.4202E-5
7.6 12  5.1662E-5
7.6 12.1  7.0758E-5
7.6 12.2  8.8928E-5
7.6 12.3  1.0382E-4
7.6 12.4  1.1299E-4
7.6 12.5  1.1482E-4
7.6 12.6  1.0901E-4
7.6 12.7  9.6482E-5
7.6 12.8  7.926E-5
7.6 12.9  6.0032E-5
7.6 13  4.1174E-5
7.6 13.1  2.5076E-5
7.6 13.2  1.288E-5
7.7 11.6  5.5168E-6
7.7 11.7  1.263E-5
7.7 11.8  2.3536E-5
7.7 11.9  3.7946E-5
7.7 12  5.4756E-5
7.7 12.1  7.2314E-5
7.7 12.2  8.8114E-5
7.7 12.3  1.0011E-4
7.7 12.4  1.0607E-4
7.7 12.5  1.0505E-4
7.7 12.6  9.7162E-5
7.7 12.7  8.3576E-5
7.7 12.8  6.6414E-5
7.7 12.9  4.8164E-5
7.7 13  3.1272E-5
7.7 13.1  1.7665E-5
7.7 13.2  8.0268E-6
7.8 11.6  7.4182E-6
7.8 11.7  1.5104E-5
7.8 11.8  2.6052E-5
7.8 11.9  3.9912E-5
7.8 12  5.5418E-5
7.8 12.1  7.0872E-5
7.8 12.2  8.4152E-5
7.8 12.3  9.31E-5
7.8 12.4  9.6286E-5
7.8 12.5  9.2902E-5
7.8 12.6  8.3596E-5
7.8 12.7  6.9654E-5
7.8 12.8  5.3328E-5
7.8 12.9  3.6942E-5
7.8 13  2.25E-5
7.8 13.1  1.1554E-5
7.9 11.6  8.827E-6
7.9 11.7  1.6525E-5
7.9 11.8  2.711E-5
7.9 11.9  3.9918E-5
7.9 12  5.3772E-5
7.9 12.1  6.689E-5
7.9 12.2  7.7332E-5
7.9 12.3  8.3432E-5
7.9 12.4  8.4102E-5
7.9 12.5  7.8968E-5
7.9 12.6  6.8978E-5
7.9 12.7  5.5522E-5
7.9 12.8  4.068E-5
7.9 12.9  2.6654E-5
7.9 13  1.4944E-5
7.9 13.1  6.6522E-6
8 11.6  9.7816E-6
8 11.7  1.721E-5
8 11.8  2.6852E-5
8 11.9  3.8124E-5
8 12  4.97E-5
8 12.1  6.0272E-5
8 12.2  6.804E-5
8 12.3  7.1686E-5
8 12.4  7.0414E-5
8 12.5  6.4338E-5
8 12.6  5.4442E-5
8 12.7  4.2144E-5
8 12.8  2.947E-5
8 12.9  1.7918E-5
8 13  9.0312E-6
8.1 11.6  9.8542E-6
8.1 11.7  1.6549E-5
8.1 11.8  2.4986E-5
8.1 11.9  3.4456E-5
8.1 12  4.3886E-5
8.1 12.1  5.1878E-5
8.1 12.2  5.7228E-5
8.1 12.3  5.8854E-5
8.1 12.4  5.642E-5
8.1 12.5  5.0134E-5
8.1 12.6  4.1E-5
8.1 12.7  3.0458E-5
8.1 12.8  2.0052E-5
8.1 12.9  1.1296E-5
8.2 11.6  9.3388E-6
8.2 11.7  1.5036E-5
8.2 11.8  2.2012E-5
8.2 11.9  2.964E-5
8.2 12  3.692E-5
8.2 12.1  4.2868E-5
8.2 12.2  4.6318E-5
8.2 12.3  4.66E-5
8.2 12.4  4.3526E-5
8.2 12.5  3.7508E-5
8.2 12.6  2.9518E-5
8.2 12.7  2.0824E-5
8.2 12.8  1.2762E-5
8.2 12.9  6.421E-6
8.3 11.6  8.1262E-6
8.3 11.7  1.2798E-5
8.3 11.8  1.836E-5
8.3 11.9  2.427E-5
8.3 12  2.9694E-5
8.3 12.1  3.3772E-5
8.3 12.2  3.5742E-5
8.3 12.3  3.509E-5
8.3 12.4  3.192E-5
8.3 12.5  2.6588E-5
8.3 12.6  2.0072E-5
8.3 12.7  1.3342E-5
8.3 12.8  7.464E-6
8.4 11.6  6.6194E-6
8.4 11.7  1.0172E-5
8.4 11.8  1.4407E-5
8.4 11.9  1.8739E-5
8.4 12  2.2572E-5
8.4 12.1  2.5236E-5
8.4 12.2  2.621E-5
8.4 12.3  2.5182E-5
8.4 12.4  2.2236E-5
8.4 12.5  1.7852E-5
8.4 12.6  1.2807E-5
8.4 12.7  7.9068E-6
8.5 11.7  7.496E-6
8.5 11.8  1.0501E-5
8.5 11.9  1.3555E-5
8.5 12  1.6104E-5
8.5 12.1  1.784E-5
8.5 12.2  1.8194E-5
8.5 12.3  1.7085E-5
8.5 12.4  1.4655E-5
8.5 12.5  1.1299E-5
8.5 12.6  7.656E-6
8.6 11.8  7.093E-6
8.6 11.9  9.1428E-6
8.6 12  1.0854E-5
8.6 12.1  1.1862E-5
8.6 12.2  1.1936E-5
8.6 12.3  1.0956E-5
8.6 12.4  9.095E-6
8.6 12.5  6.6726E-6
8.7 11.9  5.6812E-6
8.7 12  6.7584E-6
8.7 12.1  7.3442E-6
8.7 12.2  7.2806E-6
8.7 12.3  6.531E-6
11.5  20.3  5.5836E-6
11.6  20.2  5.8534E-6
11.6  20.3  5.9486E-6
11.6  20.4  5.588E-6
11.7  20.1  5.8072E-6
11.7  20.2  6.1732E-6
11.7  20.3  6.0728E-6
11.8  20.1  6.0798E-6
11.8  20.2  6.2472E-6
11.8  20.3  5.9394E-6
11.9  20  5.6822E-6
11.9  20.1  6.115E-6
11.9  20.2  6.0856E-6
11.9  20.3  5.5712E-6
12  20  5.6758E-6
12  20.1  5.9138E-6
12  20.2  5.681E-6