0.3 -1  7.6404E-5
0.55  -0.9  2.0898E-5
0.55  0 9.231E-6
0.6 -0.85 1.1653E-4
0.65  -0.8  3.4336E-5
0.7 -0.8  7.3748E-5
0.75  -0.75 4.0466E-4
0.75  -0.1  8.9161E-6
0.75  -0.05 2.8272E-5
0.75  0 3.9109E-5
0.75  0.05  2.9605E-5
0.75  0.1 1.0391E-5
0.8 -1.3  9.709E-6
0.8 -0.75 1.6782E-5
0.8 -0.7  8.2559E-4
0.8 -0.65 2.5241E-5
0.8 -0.1  2.3688E-5
0.8 -0.05 7.3938E-5
0.8 0 1.0275E-4
0.8 0.05  7.6757E-5
0.8 0.1 2.6143E-5
0.8 1.3 8.7244E-6
0.85  -1.35 8.7047E-6
0.85  -1.3  1.4495E-5
0.85  -1.25 1.2815E-5
0.85  -0.75 1.1863E-5
0.85  -0.7  5.8882E-5
0.85  -0.65 0.0014
0.85  -0.6  1.4825E-5
0.85  -0.1  3.9666E-5
0.85  -0.05 1.2138E-4
0.85  0 1.687E-4
0.85  0.05  1.2446E-4
0.85  0.1 4.1384E-5
0.85  0.25  8.8436E-6
0.85  1.25  1.1176E-5
0.85  1.3 1.3505E-5
0.9 -1.35 9.1479E-6
0.9 -1.3  1.5303E-5
0.9 -1.25 1.3353E-5
0.9 -0.75 9.2553E-6
0.9 -0.7  2.3047E-5
0.9 -0.65 3.7747E-5
0.9 -0.6  1.3069E-4
0.9 -0.55 4.3942E-5
0.9 -0.25 9.2452E-6
0.9 -0.1  4.7591E-5
0.9 -0.05 1.4591E-4
0.9 0 1.9988E-4
0.9 0.05  1.4597E-4
0.9 0.1 4.7794E-5
0.9 0.25  1.0263E-5
0.9 1.25  1.2169E-5
0.9 1.3 1.4589E-5
0.9 1.35  9.198E-6
0.95  -1.3  1.1773E-5
0.95  -1.25 1.0348E-5
0.95  -0.7  1.2085E-5
0.95  -0.65 1.0806E-5
0.95  -0.55 8.8447E-5
0.95  -0.5  0.0023
0.95  -0.4  1.2677E-5
0.95  -0.25 9.1346E-6
0.95  -0.1  4.4406E-5
0.95  -0.05 1.3365E-4
0.95  0 1.8209E-4
0.95  0.05  1.3036E-4
0.95  0.1 4.2136E-5
0.95  0.25  8.9015E-6
0.95  1.25  9.7046E-6
0.95  1.3 1.1784E-5
1 -0.5  1.1346E-5
1 -0.45 2.0762E-4
1 -0.4  5.4566E-5
1 -0.35 9.8027E-6
1 -0.1  3.2117E-5
1 -0.05 9.5272E-5
1 0 1.2544E-4
1 0.05  8.7986E-5
1 0.1 2.702E-5
1.05  -0.4  1.1701E-5
1.05  -0.35 0.0019
1.05  -0.25 1.034E-5
1.05  -0.1  1.882E-5
1.05  -0.05 5.0183E-5
1.05  0 6.3402E-5
1.05  0.05  4.1874E-5
1.05  0.1 1.2434E-5
1.1 -0.25 4.9727E-4
1.1 -0.2  1.4754E-5
1.1 -0.1  9.7882E-6
1.1 -0.05 1.9896E-5
1.1 0 2.0241E-5
1.1 0.05  1.2054E-5
1.15  -0.1  0.0021
1.15  -0.05 8.1893E-5
1.15  0 3.7973E-5
1.15  0.05  1.4249E-5
1.2 -0.05 6.6453E-5
1.2 0 6.7573E-4
1.2 0.05  0.0016
1.2 0.1 4.7722E-5
1.25  0.2 1.6778E-4
1.25  0.25  1.8047E-4
1.3 0.45  2.5102E-5
1.3 0.5 4.0249E-4
1.3 0.55  2.1294E-4
1.3 0.6 7.391E-5
1.3 0.65  9.8758E-6
1.35  0.85  1.2768E-5
1.35  0.9 2.1004E-5
1.35  0.95  5.278E-5
1.35  1 1.5187E-5
1.35  1.25  9.8708E-6
1.4 -1.4  1.5536E-5
1.4 -1.35 2.3893E-5
1.4 -1.3  2.4187E-5
1.4 -1.25 1.3476E-5
1.4 -0.05 8.8E-6
1.4 0 1.1511E-5
1.4 1.15  9.0774E-6
1.4 1.2 3.0234E-4
1.4 1.25  0.0014
1.4 1.3 0.0054
1.4 1.35  6.7583E-4
1.4 1.4 2.6369E-5
1.45  -1.4  1.201E-5
1.45  -1.35 7.1209E-5
1.45  -1.3  2.7249E-4
1.45  -1.25 3.8229E-4
1.45  -1.2  2.9662E-4
1.45  -1.15 1.4579E-5
1.45  -1.1  2.8956E-5
1.45  -1.05 2.016E-5
1.45  -0.05 1.2213E-5
1.45  0 1.5025E-5
1.45  0.05  9.8237E-6
1.45  1.25  2.0559E-5
1.45  1.3 2.8151E-5
1.45  1.35  2.2002E-5
1.45  1.4 9.4157E-6
1.45  1.55  4.2275E-5
1.5 -1.4  1.0624E-5
1.5 -1.35 2.9741E-5
1.5 -1.3  1.5128E-5
1.5 -1.25 9.4028E-6
1.5 -0.8  1.8E-5
1.5 -0.75 1.3217E-4
1.5 -0.7  1.1473E-5
1.5 -0.05 1.244E-5
1.5 0 1.3702E-5
1.55  -0.45 1.9669E-5
1.55  -0.4  3.2373E-5
1.55  -0.3  9.466E-6
1.55  -0.05 1.1641E-5
1.55  0 1.0176E-5
1.6 -1.35 1.8934E-5
1.6 -1.3  5.0605E-5
1.6 -1.25 5.2603E-5
1.6 -1.2  2.3878E-5
1.6 -0.1  3.2082E-5
1.6 -0.05 1.6345E-4
1.6 0 0.0012
1.6 0.05  6.5918E-4
1.6 0.1 2.69E-4
1.6 0.15  1.1455E-5
1.65  -1.4  1.3606E-5
1.65  -1.35 4.8461E-5
1.65  -1.3  8.0466E-5
1.65  -1.25 7.0801E-5
1.65  -1.2  2.9532E-5
1.65  -1.05 9.8692E-6
1.65  -0.9  1.7707E-5
1.65  -0.4  4.8315E-5
1.65  -0.35 1.2345E-5
1.65  -0.25 1.2828E-5
1.65  -0.1  2.0243E-5
1.65  -0.05 5.7398E-5
1.65  0 7.8491E-5
1.65  0.05  5.9945E-5
1.65  0.1 2.2812E-5
1.65  0.4 3.5697E-5
1.65  0.45  1.6993E-5
1.65  0.55  4.4645E-5
1.65  2.5 1.9659E-5
1.65  2.55  9.0754E-6
1.7 -1.4  2.1387E-5
1.7 -1.35 7.7519E-5
1.7 -1.3  1.2559E-4
1.7 -1.25 1.0893E-4
1.7 -1.2  4.2283E-5
1.7 -1.05 1.3355E-5
1.7 -0.6  1.9218E-5
1.7 -0.55 1.4821E-5
1.7 -0.2  9.3696E-6
1.7 -0.1  2.7272E-4
1.7 -0.05 0.004
1.7 0 0.0047
1.7 0.05  9.346E-4
1.7 0.1 1.5013E-4
1.7 0.85  1.2411E-5
1.7 0.9 7.1647E-5
1.7 0.95  3.3561E-5
1.7 1.05  2.8274E-5
1.7 1.25  1.7983E-5
1.7 1.3 1.5583E-5
1.7 2.65  1.204E-5
1.75  -1.4  2.0689E-5
1.75  -1.35 7.048E-5
1.75  -1.3  1.1276E-4
1.75  -1.25 9.4595E-5
1.75  -1.2  3.6302E-5
1.75  -1.05 1.2436E-5
1.75  -0.6  1.2441E-5
1.75  -0.55 8.8729E-6
1.75  -0.4  2.1539E-5
1.75  -0.3  3.8288E-5
1.75  -0.25 9.4491E-5
1.75  -0.2  1.8004E-5
1.75  -0.1  4.6994E-5
1.75  -0.05 1.0899E-4
1.75  0 1.3975E-4
1.75  0.05  1.0766E-4
1.75  0.1 4.6692E-5
1.75  0.2 2.2438E-5
1.75  0.25  6.0862E-5
1.75  0.3 6.5E-5
1.75  0.35  9.7151E-6
1.75  0.4 2.4778E-5
1.75  0.45  1.0583E-5
1.75  1.2 1.8212E-5
1.75  1.25  1.3375E-4
1.75  1.3 5.0839E-4
1.75  1.35  7.8057E-4
1.75  1.4 7.1795E-5
1.8 -1.4  1.1659E-5
1.8 -1.35 3.8633E-5
1.8 -1.3  6.0655E-5
1.8 -1.25 5.128E-5
1.8 -1.2  1.9451E-5
1.8 -0.6  1.3439E-5
1.8 -0.4  1.2061E-5
1.8 -0.25 2.1262E-5
1.8 -0.2  1.0349E-5
1.8 -0.1  6.8213E-5
1.8 -0.05 4.6768E-4
1.8 0 8.4915E-4
1.8 0.05  7.8338E-4
1.8 0.1 1.7831E-4
1.8 0.65  5.1513E-5
1.8 0.7 5.452E-5
1.8 0.75  1.8255E-5
1.85  -1.35 1.0488E-5
1.85  -1.3  1.5678E-5
1.85  -1.25 1.3309E-5
1.85  -0.65 9.9959E-6
1.85  -0.25 8.9967E-6
1.85  -0.1  4.3459E-5
1.85  -0.05 1.0752E-4
1.85  0 1.3034E-4
1.85  0.05  8.3457E-5
1.85  0.1 2.1953E-5
1.85  1.05  1.0208E-5
1.9 -0.75 9.7716E-6
1.9 -0.7  1.0873E-5
1.9 -0.05 2.0262E-5
1.9 0 2.4094E-5
1.9 0.05  1.666E-5
1.9 0.65  1.8202E-5
1.9 0.7 1.0213E-5
1.95  -0.05 2.5625E-5
1.95  0 3.3077E-5
1.95  0.05  2.248E-5
1.95  0.55  1.0581E-5
1.95  0.6 9.6273E-6
2 -0.05 1.7077E-5
2 0 2.2374E-5
2 0.05  1.5613E-5
2.05  0 1.2007E-5
2.05  0.05  9.0802E-6
2.1 -0.05 2.8504E-5
2.1 0 3.939E-5
2.1 0.05  2.7922E-5
2.15  -0.1  1.1506E-5
2.15  -0.05 3.8265E-5
2.15  0 5.1524E-5
2.15  0.05  3.5426E-5
2.15  0.1 1.0048E-5
2.2 -0.05 2.0788E-5
2.2 0 2.665E-5
2.2 0.05  1.8096E-5
2.25  -0.1  1.2608E-5
2.25  -0.05 3.3006E-5
2.25  0 4.2648E-5
2.25  0.05  3.2152E-5
2.25  0.1 1.1957E-5
2.3 -1.35 1.0602E-5
2.3 -1.3  1.6622E-5
2.3 -1.25 1.4074E-5
2.3 -0.1  3.6807E-5
2.3 -0.05 1.0324E-4
2.3 0 1.3896E-4
2.3 0.05  9.9824E-5
2.3 0.1 3.3664E-5
2.3 1.25  1.8084E-5
2.3 1.3 2.0773E-5
2.3 1.35  1.2478E-5
2.35  -1.35 1.5438E-5
2.35  -1.3  2.3982E-5
2.35  -1.25 1.9638E-5
2.35  -0.1  5.2436E-5
2.35  -0.05 1.5186E-4
2.35  0 2.004E-4
2.35  0.05  1.415E-4
2.35  0.1 4.341E-5
2.35  1.2 1.0278E-5
2.35  1.25  2.6113E-5
2.35  1.3 2.969E-5
2.35  1.35  1.7974E-5
2.4 -1.35 1.0576E-5
2.4 -1.3  1.6312E-5
2.4 -1.25 1.3015E-5
2.4 -0.1  3.6855E-5
2.4 -0.05 1.0537E-4
2.4 0 1.3789E-4
2.4 0.05  9.3462E-5
2.4 0.1 2.798E-5
2.4 1.25  1.7736E-5
2.4 1.3 1.9958E-5
2.4 1.35  1.1546E-5
2.45  -0.1  9.7932E-6
2.45  -0.05 2.8108E-5
2.45  0 3.6559E-5
2.45  0.05  2.4549E-5
2.5 -0.1  1.1583E-5
2.5 -0.05 3.5804E-5
2.5 0 5.3479E-5
2.5 0.05  4.1706E-5
2.5 0.1 1.6545E-5
2.55  -1.35 1.1703E-5
2.55  -1.3  1.9338E-5
2.55  -1.25 1.6732E-5
2.55  -0.1  3.5556E-5
2.55  -0.05 1.1413E-4
2.55  0 1.5969E-4
2.55  0.05  1.1876E-4
2.55  0.1 4.0313E-5
2.55  1.25  1.9411E-5
2.55  1.3 2.3522E-5
2.55  1.35  1.4992E-5
2.6 -1.35 1.3703E-5
2.6 -1.3  2.206E-5
2.6 -1.25 1.8398E-5
2.6 -0.1  4.4675E-5
2.6 -0.05 1.34E-4
2.6 0 1.8463E-4
2.6 0.05  1.3125E-4
2.6 0.1 4.2382E-5
2.6 1.25  2.2818E-5
2.6 1.3 2.6824E-5
2.6 1.35  1.6354E-5
2.65  -1.3  1.0591E-5
2.65  -0.1  2.3068E-5
2.65  -0.05 6.745E-5
2.65  0 8.8646E-5
2.65  0.05  6.1822E-5
2.65  0.1 1.9444E-5
2.65  1.25  1.1453E-5
2.65  1.3 1.2964E-5
2.7 -0.1  1.1729E-5
2.7 -0.05 3.2004E-5
2.7 0 4.4177E-5
2.7 0.05  3.2951E-5
2.7 0.1 1.2161E-5
2.75  -1.35 1.0115E-5
2.75  -1.3  1.6739E-5
2.75  -1.25 1.4709E-5
2.75  -0.1  3.065E-5
2.75  -0.05 9.6929E-5
2.75  0 1.3693E-4
2.75  0.05  1.0353E-4
2.75  0.1 3.5746E-5
2.75  1.25  1.6661E-5
2.75  1.3 2.0077E-5
2.75  1.35  1.2962E-5
2.8 -1.35 1.6101E-5
2.8 -1.3  2.6585E-5
2.8 -1.25 2.2601E-5
2.8 -0.25 8.8867E-6
2.8 -0.1  5.0006E-5
2.8 -0.05 1.552E-4
2.8 0 2.1798E-4
2.8 0.05  1.5923E-4
2.8 0.1 5.2673E-5
2.8 0.25  1.0342E-5
2.8 1.2 9.6831E-6
2.8 1.25  2.6579E-5
2.8 1.3 3.178E-5
2.8 1.35  1.9886E-5
2.85  -1.35 1.0612E-5
2.85  -1.3  1.6872E-5
2.85  -1.25 1.418E-5
2.85  -0.1  3.2281E-5
2.85  -0.05 1.0089E-4
2.85  0 1.3971E-4
2.85  0.05  1.005E-4
2.85  0.1 3.0404E-5
2.85  1.25  1.7152E-5
2.85  1.3 2.0411E-5
2.85  1.35  1.2466E-5
2.9 -0.05 1.3064E-5
2.9 0 1.7244E-5
2.9 0.05  1.1845E-5
2.95  -0.1  1.0507E-5
2.95  -0.05 3.501E-5
2.95  0 5.186E-5
2.95  0.05  4.1876E-5
2.95  0.1 1.5367E-5
3 -1.35 1.495E-5
3 -1.3  2.5177E-5
3 -1.25 2.1927E-5
3 -0.1  4.3797E-5
3 -0.05 1.4258E-4
3 0 2.0377E-4
3 0.05  1.5331E-4
3 0.1 5.3187E-5
3 0.25  1.0122E-5
3 1.25  2.4432E-5
3 1.3 2.9733E-5
3 1.35  1.9155E-5
3.05  -1.35 1.7449E-5
3.05  -1.3  2.8767E-5
3.05  -1.25 2.4764E-5
3.05  -1.2  9.1457E-6
3.05  -0.25 9.9904E-6
3.05  -0.1  5.1506E-5
3.05  -0.05 1.67E-4
3.05  0 2.3509E-4
3.05  0.05  1.7387E-4
3.05  0.1 5.6657E-5
3.05  0.2 8.9187E-6
3.05  0.25  1.2378E-5
3.05  1.2 9.9104E-6
3.05  1.25  2.841E-5
3.05  1.3 3.4435E-5
3.05  1.35  2.154E-5
3.1 -1.3  1.2352E-5
3.1 -1.25 1.0528E-5
3.1 -0.1  2.1315E-5
3.1 -0.05 7.1216E-5
3.1 0 1.003E-4
3.1 0.05  7.1627E-5
3.1 0.1 2.3042E-5
3.1 1.25  1.2249E-5
3.1 1.3 1.4703E-5
3.1 1.35  8.8691E-6
3.15  0 1.0302E-5
3.2 -1.3  1.1563E-5
3.2 -1.25 9.9834E-6
3.2 -0.1  2.118E-5
3.2 -0.05 6.5588E-5
3.2 0 9.3002E-5
3.2 0.05  6.9114E-5
3.2 0.1 2.359E-5
3.2 1.25  1.1266E-5
3.2 1.3 1.3507E-5
3.25  -1.35 1.4179E-5
3.25  -1.3  2.3265E-5
3.25  -1.25 2.0176E-5
3.25  -0.1  4.2313E-5
3.25  -0.05 1.3417E-4
3.25  0 1.8894E-4
3.25  0.05  1.3999E-4
3.25  0.1 4.5472E-5
3.25  1.25  2.2832E-5
3.25  1.3 2.7713E-5
3.25  1.35  1.7352E-5
3.3 -1.35 9.894E-6
3.3 -1.3  1.6347E-5
3.3 -1.25 1.3763E-5
3.3 -0.1  2.9631E-5
3.3 -0.05 9.4965E-5
3.3 0 1.3217E-4
3.3 0.05  9.5403E-5
3.3 0.1 2.9694E-5
3.3 1.25  1.6144E-5
3.3 1.3 1.9271E-5
3.3 1.35  1.2029E-5
3.35  -0.05 1.7743E-5
3.35  0 2.3979E-5
3.35  0.05  1.7499E-5
3.4 -0.05 1.8285E-5
3.4 0 2.5801E-5
3.4 0.05  2.0245E-5
3.45  -0.1  1.1544E-5
3.45  -0.05 3.9501E-5
3.45  0 5.6505E-5
3.45  0.05  4.1914E-5
3.45  0.1 1.3534E-5
3.5 -0.05 1.1833E-5
3.5 0 1.6347E-5
3.5 0.05  1.0436E-5
3.55  -1.35 1.4665E-5
3.55  -1.3  2.2895E-5
3.55  -1.25 1.9135E-5
3.55  -0.25 1.0014E-5
3.55  -0.1  5.5313E-5
3.55  -0.05 1.3867E-4
3.55  0 1.8049E-4
3.55  0.05  1.2883E-4
3.55  0.1 4.6772E-5
3.55  1.2 1.0889E-5
3.55  1.25  2.4626E-5
3.55  1.3 2.6409E-5
3.55  1.35  1.5692E-5
3.6 -1.4  2.2773E-5
3.6 -1.35 7.3434E-5
3.6 -1.3  1.1542E-4
3.6 -1.25 9.7468E-5
3.6 -1.2  3.8849E-5
3.6 -1.05 1.0016E-5
3.6 -0.6  1.1245E-5
3.6 -0.45 1.0107E-5
3.6 -0.4  1.5555E-5
3.6 -0.3  1.2751E-5
3.6 -0.25 4.5293E-5
3.6 -0.2  2.2737E-5
3.6 -0.15 1.7369E-5
3.6 -0.1  2.4859E-4
3.6 -0.05 6.9423E-4
3.6 0 9.1294E-4
3.6 0.05  6.6839E-4
3.6 0.1 2.3685E-4
3.6 0.15  1.4491E-5
3.6 0.2 1.8258E-5
3.6 0.25  3.5312E-5
3.6 0.3 1.0151E-5
3.6 0.4 1.0773E-5
3.6 0.45  1.0156E-5
3.6 0.7 1.0417E-5
3.6 1.05  1.4816E-5
3.6 1.2 4.8292E-5
3.6 1.25  1.1647E-4
3.6 1.3 1.3279E-4
3.6 1.35  8.255E-5
3.6 1.4 2.4691E-5
3.65  -1.4  4.532E-5
3.65  -1.35 1.5017E-4
3.65  -1.3  2.3874E-4
3.65  -1.25 2.0458E-4
3.65  -1.2  8.173E-5
3.65  -1.1  1.1702E-5
3.65  -1.05 2.2617E-5
3.65  -0.9  1.3003E-5
3.65  -0.85 9.2878E-6
3.65  -0.6  1.8962E-5
3.65  -0.55 1.4892E-5
3.65  -0.45 1.962E-5
3.65  -0.4  3.3544E-5
3.65  -0.3  2.2255E-5
3.65  -0.25 8.9349E-5
3.65  -0.2  4.9849E-5
3.65  -0.15 2.4809E-5
3.65  -0.1  4.9838E-4
3.65  -0.05 0.0014
3.65  0 0.0019
3.65  0.05  0.0014
3.65  0.1 4.9223E-4
3.65  0.15  2.9599E-5
3.65  0.2 4.488E-5
3.65  0.25  7.909E-5
3.65  0.3 1.8985E-5
3.65  0.4 2.8232E-5
3.65  0.45  1.8647E-5
3.65  0.7 1.7573E-5
3.65  0.75  1.26E-5
3.65  0.85  1.101E-5
3.65  0.9 1.8086E-5
3.65  1.05  2.9473E-5
3.65  1.1 1.5398E-5
3.65  1.2 9.7745E-5
3.65  1.25  2.3992E-4
3.65  1.3 2.7891E-4
3.65  1.35  1.7217E-4
3.65  1.4 5.0248E-5
3.7 -1.4  4.9893E-5
3.7 -1.35 1.7061E-4
3.7 -1.3  2.7066E-4
3.7 -1.25 2.2992E-4
3.7 -1.2  8.9746E-5
3.7 -1.1  1.47E-5
3.7 -1.05 2.6428E-5
3.7 -0.9  1.5766E-5
3.7 -0.85 1.0034E-5
3.7 -0.6  2.1285E-5
3.7 -0.55 1.7496E-5
3.7 -0.45 2.1923E-5
3.7 -0.4  4.0626E-5
3.7 -0.3  2.258E-5
3.7 -0.25 1.0111E-4
3.7 -0.2  5.8496E-5
3.7 -0.15 3.24E-5
3.7 -0.1  5.4627E-4
3.7 -0.05 0.0016
3.7 0 0.0022
3.7 0.05  0.0016
3.7 0.1 5.3138E-4
3.7 0.15  2.9553E-5
3.7 0.2 5.5265E-5
3.7 0.25  9.3511E-5
3.7 0.3 2.0385E-5
3.7 0.4 3.4567E-5
3.7 0.45  2.0301E-5
3.7 0.7 1.9417E-5
3.7 0.75  1.4848E-5
3.7 0.85  1.2614E-5
3.7 0.9 2.1407E-5
3.7 1.05  3.307E-5
3.7 1.1 1.8026E-5
3.7 1.2 1.0634E-4
3.7 1.25  2.7005E-4
3.7 1.3 3.1348E-4
3.7 1.35  1.9526E-4
3.7 1.4 5.6495E-5
3.75  -1.4  2.8698E-5
3.75  -1.35 9.8918E-5
3.75  -1.3  1.5889E-4
3.75  -1.25 1.3452E-4
3.75  -1.2  5.1252E-5
3.75  -1.1  9.1224E-6
3.75  -1.05 1.5815E-5
3.75  -0.9  9.8893E-6
3.75  -0.6  1.3431E-5
3.75  -0.55 1.1292E-5
3.75  -0.45 1.4065E-5
3.75  -0.4  2.613E-5
3.75  -0.3  1.2004E-5
3.75  -0.25 5.8669E-5
3.75  -0.2  3.655E-5
3.75  -0.15 1.5237E-5
3.75  -0.1  3.1022E-4
3.75  -0.05 9.2824E-4
3.75  0 0.0013
3.75  0.05  9.1219E-4
3.75  0.1 3.0713E-4
3.75  0.15  1.47E-5
3.75  0.2 3.5111E-5
3.75  0.25  5.525E-5
3.75  0.3 1.213E-5
3.75  0.4 2.1363E-5
3.75  0.45  1.214E-5
3.75  0.7 1.2426E-5
3.75  0.75  9.4827E-6
3.75  0.9 1.4042E-5
3.75  1.05  1.9364E-5
3.75  1.1 1.1091E-5
3.75  1.2 6.0488E-5
3.75  1.25  1.5819E-4
3.75  1.3 1.8433E-4
3.75  1.35  1.148E-4
3.75  1.4 3.2479E-5
3.8 -1.35 1.4369E-5
3.8 -1.3  2.271E-5
3.8 -1.25 2.0613E-5
3.8 -0.25 8.9447E-6
3.8 -0.1  4.8149E-5
3.8 -0.05 1.316E-4
3.8 0 1.861E-4
3.8 0.05  1.3908E-4
3.8 0.1 4.1715E-5
3.8 1.2 8.9117E-6
3.8 1.25  2.2347E-5
3.8 1.3 2.7654E-5
3.8 1.35  1.6143E-5
3.85  -1.35 1.3425E-5
3.85  -1.3  2.1566E-5
3.85  -1.25 1.882E-5
3.85  -0.1  4.2086E-5
3.85  -0.05 1.2596E-4
3.85  0 1.729E-4
3.85  0.05  1.2619E-4
3.85  0.1 4.2193E-5
3.85  1.25  2.1668E-5
3.85  1.3 2.5256E-5
3.85  1.35  1.5291E-5
3.9 -1.4  2.4671E-5
3.9 -1.35 8.4812E-5
3.9 -1.3  1.3582E-4
3.9 -1.25 1.1544E-4
3.9 -1.2  4.4908E-5
3.9 -1.05 1.3177E-5
3.9 -0.9  8.8258E-6
3.9 -0.55 8.6975E-6
3.9 -0.4  1.6372E-5
3.9 -0.3  1.0088E-5
3.9 -0.25 4.7253E-5
3.9 -0.2  2.9153E-5
3.9 -0.15 1.4389E-5
3.9 -0.1  2.6706E-4
3.9 -0.05 7.9381E-4
3.9 0 0.0011
3.9 0.05  7.9711E-4
3.9 0.1 2.6909E-4
3.9 0.15  1.3023E-5
3.9 0.2 2.9528E-5
3.9 0.25  4.7061E-5
3.9 0.3 9.2789E-6
3.9 0.4 1.9487E-5
3.9 0.45  8.9257E-6
3.9 1.05  1.556E-5
3.9 1.1 8.9842E-6
3.9 1.2 5.2261E-5
3.9 1.25  1.3439E-4
3.9 1.3 1.5643E-4
3.9 1.35  9.8462E-5
3.9 1.4 2.8648E-5
3.95  -1.4  3.3895E-5
3.95  -1.35 1.1534E-4
3.95  -1.3  1.8386E-4
3.95  -1.25 1.5658E-4
3.95  -1.2  6.0405E-5
3.95  -1.1  1.0694E-5
3.95  -1.05 1.7761E-5
3.95  -0.9  1.2302E-5
3.95  -0.6  1.1419E-5
3.95  -0.55 1.3482E-5
3.95  -0.45 1.0659E-5
3.95  -0.4  2.4443E-5
3.95  -0.3  1.388E-5
3.95  -0.25 6.3775E-5
3.95  -0.2  3.9643E-5
3.95  -0.15 1.8038E-5
3.95  -0.1  3.6941E-4
3.95  -0.05 0.0011
3.95  0 0.0015
3.95  0.05  0.0011
3.95  0.1 3.6003E-4
3.95  0.15  1.5706E-5
3.95  0.2 4.0161E-5
3.95  0.25  6.2228E-5
3.95  0.3 1.2053E-5
3.95  0.4 2.6752E-5
3.95  0.45  1.2069E-5
3.95  0.55  1.0227E-5
3.95  0.7 1.035E-5
3.95  0.75  1.11E-5
3.95  0.9 1.307E-5
3.95  1.05  2.1073E-5
3.95  1.1 1.2028E-5
3.95  1.2 7.1149E-5
3.95  1.25  1.8131E-4
3.95  1.3 2.1092E-4
3.95  1.35  1.3148E-4
3.95  1.4 3.799E-5
4 -1.4  1.56E-5
4 -1.35 5.2535E-5
4 -1.3  8.332E-5
4 -1.25 7.0612E-5
4 -1.2  2.6399E-5
4 -0.4  1.1842E-5
4 -0.25 2.9833E-5
4 -0.2  1.8492E-5
4 -0.15 8.822E-6
4 -0.1  1.689E-4
4 -0.05 4.9602E-4
4 0 6.5696E-4
4 0.05  4.79E-4
4 0.1 1.5912E-4
4 0.2 1.7807E-5
4 0.25  2.714E-5
4 0.4 1.2419E-5
4 1.05  9.724E-6
4 1.2 3.2652E-5
4 1.25  8.3512E-5
4 1.3 9.5945E-5
4 1.35  5.9015E-5
4 1.4 1.7236E-5
4.05  -0.05 1.0511E-5
4.1 -1.4  2.0331E-5
4.1 -1.35 7.1981E-5
4.1 -1.3  1.1714E-4
4.1 -1.25 1.0189E-4
4.1 -1.2  3.9481E-5
4.1 -1.05 1.371E-5
4.1 -0.4  1.6383E-5
4.1 -0.25 4.2365E-5
4.1 -0.2  2.7338E-5
4.1 -0.15 1.1055E-5
4.1 -0.1  2.1486E-4
4.1 -0.05 6.8266E-4
4.1 0 9.2235E-4
4.1 0.05  6.8418E-4
4.1 0.1 2.3701E-4
4.1 0.15  1.2311E-5
4.1 0.2 2.8966E-5
4.1 0.25  4.8566E-5
4.1 0.3 1.1525E-5
4.1 0.4 1.5425E-5
4.1 1.05  1.3764E-5
4.1 1.2 4.1644E-5
4.1 1.25  1.1417E-4
4.1 1.3 1.3381E-4
4.1 1.35  8.5291E-5
4.1 1.4 2.5391E-5
4.15  -2.6  1.0145E-5
4.15  -1.4  5.7317E-5
4.15  -1.35 1.9809E-4
4.15  -1.3  3.2263E-4
4.15  -1.25 2.737E-4
4.15  -1.2  1.0489E-4
4.15  -1.1  2.0683E-5
4.15  -1.05 3.4928E-5
4.15  -0.9  1.9167E-5
4.15  -0.85 9.4215E-6
4.15  -0.75 1.4433E-5
4.15  -0.7  1.1135E-5
4.15  -0.6  1.7328E-5
4.15  -0.55 2.1515E-5
4.15  -0.45 1.9843E-5
4.15  -0.4  4.6485E-5
4.15  -0.35 1.1749E-5
4.15  -0.3  2.1751E-5
4.15  -0.25 1.1154E-4
4.15  -0.2  7.5079E-5
4.15  -0.15 2.6861E-5
4.15  -0.1  6.0849E-4
4.15  -0.05 0.0018
4.15  0 0.0025
4.15  0.05  0.0019
4.15  0.1 6.262E-4
4.15  0.15  2.3501E-5
4.15  0.2 7.7175E-5
4.15  0.25  1.2259E-4
4.15  0.3 2.8392E-5
4.15  0.4 4.0892E-5
4.15  0.45  1.9419E-5
4.15  0.55  1.9497E-5
4.15  0.6 1.4193E-5
4.15  0.7 1.5618E-5
4.15  0.75  1.7663E-5
4.15  0.85  1.1243E-5
4.15  0.9 2.4461E-5
4.15  1.05  3.676E-5
4.15  1.1 2.2422E-5
4.15  1.2 1.1793E-4
4.15  1.25  3.1199E-4
4.15  1.3 3.6561E-4
4.15  1.35  2.3109E-4
4.15  1.4 6.6152E-5
4.2 -2.6  9.5742E-6
4.2 -1.4  5.326E-5
4.2 -1.35 1.8867E-4
4.2 -1.3  3.024E-4
4.2 -1.25 2.5929E-4
4.2 -1.2  9.8788E-5
4.2 -1.1  1.9206E-5
4.2 -1.05 3.3047E-5
4.2 -0.9  1.6509E-5
4.2 -0.75 1.3459E-5
4.2 -0.7  9.6829E-6
4.2 -0.6  1.9276E-5
4.2 -0.55 2.2262E-5
4.2 -0.45 1.9434E-5
4.2 -0.4  4.3877E-5
4.2 -0.35 1.1434E-5
4.2 -0.3  1.9032E-5
4.2 -0.25 1.0639E-4
4.2 -0.2  6.8467E-5
4.2 -0.15 2.7809E-5
4.2 -0.1  5.7233E-4
4.2 -0.05 0.0017
4.2 0 0.0024
4.2 0.05  0.0017
4.2 0.1 5.921E-4
4.2 0.15  3.0651E-5
4.2 0.2 7.0103E-5
4.2 0.25  1.1636E-4
4.2 0.3 2.6105E-5
4.2 0.4 3.6086E-5
4.2 0.45  1.5629E-5
4.2 0.55  1.8481E-5
4.2 0.6 1.2524E-5
4.2 0.7 1.7105E-5
4.2 0.75  1.8544E-5
4.2 0.85  1.0931E-5
4.2 0.9 2.3026E-5
4.2 1.05  3.4508E-5
4.2 1.1 2.0909E-5
4.2 1.2 1.1037E-4
4.2 1.25  2.9193E-4
4.2 1.3 3.4447E-4
4.2 1.35  2.155E-4
4.2 1.4 6.2991E-5
4.25  -1.4  1.0695E-5
4.25  -1.35 3.6222E-5
4.25  -1.3  5.915E-5
4.25  -1.25 5.1996E-5
4.25  -1.2  1.9003E-5
4.25  -0.4  9.4792E-6
4.25  -0.25 2.0667E-5
4.25  -0.2  1.3081E-5
4.25  -0.1  1.136E-4
4.25  -0.05 3.3707E-4
4.25  0 4.6482E-4
4.25  0.05  3.2603E-4
4.25  0.1 1.131E-4
4.25  0.2 1.3961E-5
4.25  0.25  2.2043E-5
4.25  1.2 2.152E-5
4.25  1.25  5.7501E-5
4.25  1.3 6.594E-5
4.25  1.35  4.2873E-5
4.25  1.4 1.1691E-5
4.3 -1.4  1.8629E-5
4.3 -1.35 6.6052E-5
4.3 -1.3  1.2139E-4
4.3 -1.25 9.8942E-5
4.3 -1.2  3.686E-5
4.3 -1.05 1.2317E-5
4.3 -0.9  1.4128E-5
4.3 -0.85 9.8137E-6
4.3 -0.4  1.583E-5
4.3 -0.25 3.6562E-5
4.3 -0.2  2.8638E-5
4.3 -0.15 9.7759E-6
4.3 -0.1  2.0018E-4
4.3 -0.05 6.1466E-4
4.3 0 8.955E-4
4.3 0.05  6.6318E-4
4.3 0.1 2.1554E-4
4.3 0.2 2.6762E-5
4.3 0.25  4.3056E-5
4.3 0.35  1.0175E-5
4.3 0.4 3.0528E-5
4.3 0.45  1.9512E-5
4.3 1.05  1.2017E-5
4.3 1.2 4.1213E-5
4.3 1.25  1.0556E-4
4.3 1.3 1.3126E-4
4.3 1.35  8.0192E-5
4.3 1.4 2.2412E-5
4.35  -2.65 2.5485E-5
4.35  -2.6  3.4099E-5
4.35  -2.55 2.3878E-5
4.35  -1.55 1.7127E-5
4.35  -1.5  1.3134E-5
4.35  -1.4  1.8827E-4
4.35  -1.35 6.6972E-4
4.35  -1.3  0.0011
4.35  -1.25 9.0966E-4
4.35  -1.2  3.5573E-4
4.35  -1.15 1.2817E-5
4.35  -1.1  7.1704E-5
4.35  -1.05 1.127E-4
4.35  -1  2.3525E-5
4.35  -0.95 2.0769E-5
4.35  -0.9  9.1723E-5
4.35  -0.85 5.3355E-5
4.35  -0.75 3.7611E-5
4.35  -0.7  3.4009E-5
4.35  -0.6  5.4009E-5
4.35  -0.55 7.0392E-5
4.35  -0.45 6.1607E-5
4.35  -0.4  1.5217E-4
4.35  -0.35 3.6749E-5
4.35  -0.3  7.1213E-5
4.35  -0.25 3.6816E-4
4.35  -0.2  2.4558E-4
4.35  -0.15 9.5512E-5
4.35  -0.1  0.002
4.35  -0.05 0.0061
4.35  0 0.0084
4.35  0.05  0.0061
4.35  0.1 0.0021
4.35  0.15  6.8036E-5
4.35  0.2 2.6007E-4
4.35  0.25  3.9372E-4
4.35  0.3 7.6653E-5
4.35  0.35  4.7797E-5
4.35  0.4 1.9652E-4
4.35  0.45  1.0513E-4
4.35  0.55  5.014E-5
4.35  0.6 4.31E-5
4.35  0.7 4.8479E-5
4.35  0.75  5.7483E-5
4.35  0.85  3.4355E-5
4.35  0.9 7.8998E-5
4.35  0.95  1.9316E-5
4.35  1 2.4216E-5
4.35  1.05  1.198E-4
4.35  1.1 7.1495E-5
4.35  1.15  1.942E-5
4.35  1.2 4.0147E-4
4.35  1.25  0.001
4.35  1.3 0.0012
4.35  1.35  7.5487E-4
4.35  1.4 2.1376E-4
4.35  1.45  9.3691E-6
4.35  1.5 1.5971E-5
4.35  1.55  2.0709E-5
4.4 -2.7  2.2414E-5
4.4 -2.65 6.6177E-5
4.4 -2.6  8.9646E-5
4.4 -2.55 6.3595E-5
4.4 -2.5  1.9404E-5
4.4 -1.55 4.4827E-5
4.4 -1.5  3.3813E-5
4.4 -1.45 2.2372E-5
4.4 -1.4  4.8773E-4
4.4 -1.35 0.0018
4.4 -1.3  0.0028
4.4 -1.25 0.0024
4.4 -1.2  9.3167E-4
4.4 -1.15 3.8106E-5
4.4 -1.1  1.8E-4
4.4 -1.05 3.0513E-4
4.4 -1  6.2121E-5
4.4 -0.95 5.3013E-5
4.4 -0.9  2.2177E-4
4.4 -0.85 1.2497E-4
4.4 -0.75 9.8086E-5
4.4 -0.7  8.6159E-5
4.4 -0.65 9.7034E-6
4.4 -0.6  1.555E-4
4.4 -0.55 1.9469E-4
4.4 -0.5  1.0834E-5
4.4 -0.45 1.6603E-4
4.4 -0.4  3.9145E-4
4.4 -0.35 1.0638E-4
4.4 -0.3  1.6908E-4
4.4 -0.25 9.6795E-4
4.4 -0.2  6.286E-4
4.4 -0.15 2.1397E-4
4.4 -0.1  0.0053
4.4 -0.05 0.016
4.4 0 0.0221
4.4 0.05  0.0163
4.4 0.1 0.0056
4.4 0.15  2.991E-4
4.4 0.2 6.7711E-4
4.4 0.25  0.0011
4.4 0.3 1.9612E-4
4.4 0.35  1.1565E-4
4.4 0.4 4.8507E-4
4.4 0.45  2.525E-4
4.4 0.55  1.3183E-4
4.4 0.6 1.1063E-4
4.4 0.65  1.1533E-5
4.4 0.7 1.3752E-4
4.4 0.75  1.6128E-4
4.4 0.8 1.0275E-5
4.4 0.85  9.2166E-5
4.4 0.9 2.0563E-4
4.4 0.95  5.2415E-5
4.4 1 5.9757E-5
4.4 1.05  3.142E-4
4.4 1.1 1.9181E-4
4.4 1.15  3.0665E-5
4.4 1.2 0.001
4.4 1.25  0.0027
4.4 1.3 0.0032
4.4 1.35  0.002
4.4 1.4 5.9634E-4
4.4 1.45  2.4929E-5
4.4 1.5 4.1301E-5
4.4 1.55  5.4586E-5
4.4 1.6 1.0025E-5
4.4 1.7 1.054E-5
4.45  -2.7  3.576E-5
4.45  -2.65 1.046E-4
4.45  -2.6  1.4272E-4
4.45  -2.55 1.0053E-4
4.45  -2.5  3.074E-5
4.45  -1.7  1.2142E-5
4.45  -1.6  1.1482E-5
4.45  -1.55 6.8813E-5
4.45  -1.5  5.4069E-5
4.45  -1.45 3.4727E-5
4.45  -1.4  7.9057E-4
4.45  -1.35 0.0027
4.45  -1.3  0.0045
4.45  -1.25 0.0038
4.45  -1.2  0.0015
4.45  -1.15 5.2019E-5
4.45  -1.1  2.8567E-4
4.45  -1.05 4.6703E-4
4.45  -1  1.0003E-4
4.45  -0.95 7.5096E-5
4.45  -0.9  3.3726E-4
4.45  -0.85 1.8479E-4
4.45  -0.75 1.5559E-4
4.45  -0.7  1.3017E-4
4.45  -0.65 2.0895E-5
4.45  -0.6  2.6138E-4
4.45  -0.55 3.1553E-4
4.45  -0.5  2.9014E-5
4.45  -0.45 2.6028E-4
4.45  -0.4  6.3482E-4
4.45  -0.35 1.6419E-4
4.45  -0.3  2.8637E-4
4.45  -0.25 0.0015
4.45  -0.2  9.9261E-4
4.45  -0.15 4.0259E-4
4.45  -0.1  0.0084
4.45  -0.05 0.0252
4.45  0 0.0347
4.45  0.05  0.0255
4.45  0.1 0.0086
4.45  0.15  3.1128E-4
4.45  0.2 0.0011
4.45  0.25  0.0016
4.45  0.3 3.2198E-4
4.45  0.35  1.7339E-4
4.45  0.4 7.2557E-4
4.45  0.45  3.7888E-4
4.45  0.55  2.0735E-4
4.45  0.6 1.6571E-4
4.45  0.65  1.8954E-5
4.45  0.7 2.3404E-4
4.45  0.75  2.5871E-4
4.45  0.8 2.4005E-5
4.45  0.85  1.4577E-4
4.45  0.9 3.2774E-4
4.45  0.95  8.5705E-5
4.45  1 9.5172E-5
4.45  1.05  4.9619E-4
4.45  1.1 2.988E-4
4.45  1.15  7.8777E-5
4.45  1.2 0.0016
4.45  1.25  0.0043
4.45  1.3 0.005
4.45  1.35  0.0031
4.45  1.4 9.0115E-4
4.45  1.45  3.5464E-5
4.45  1.5 6.3281E-5
4.45  1.55  8.5366E-5
4.45  1.6 1.3685E-5
4.45  1.7 1.556E-5
4.5 -2.7  3.8482E-5
4.5 -2.65 1.1443E-4
4.5 -2.6  1.5494E-4
4.5 -2.55 1.1025E-4
4.5 -2.5  3.351E-5
4.5 -1.7  1.3075E-5
4.5 -1.6  1.1486E-5
4.5 -1.55 7.592E-5
4.5 -1.5  5.7178E-5
4.5 -1.45 3.8073E-5
4.5 -1.4  8.4383E-4
4.5 -1.35 0.003
4.5 -1.3  0.0048
4.5 -1.25 0.0042
4.5 -1.2  0.0016
4.5 -1.15 8.3281E-5
4.5 -1.1  3.049E-4
4.5 -1.05 5.215E-4
4.5 -1  1.0515E-4
4.5 -0.95 8.5369E-5
4.5 -0.9  3.6219E-4
4.5 -0.85 1.9864E-4
4.5 -0.8  8.9364E-6
4.5 -0.75 1.6572E-4
4.5 -0.7  1.4263E-4
4.5 -0.65 2.4099E-5
4.5 -0.6  2.938E-4
4.5 -0.55 3.5293E-4
4.5 -0.5  1.842E-5
4.5 -0.45 2.8985E-4
4.5 -0.4  6.7775E-4
4.5 -0.35 1.8232E-4
4.5 -0.3  2.9805E-4
4.5 -0.25 0.0016
4.5 -0.2  0.0011
4.5 -0.15 3.5484E-4
4.5 -0.1  0.0091
4.5 -0.05 0.0274
4.5 0 0.0378
4.5 0.05  0.0279
4.5 0.1 0.0094
4.5 0.15  4.6958E-4
4.5 0.2 0.0011
4.5 0.25  0.0018
4.5 0.3 3.6324E-4
4.5 0.35  1.8511E-4
4.5 0.4 7.8998E-4
4.5 0.45  3.9954E-4
4.5 0.5 1.4271E-5
4.5 0.55  2.2331E-4
4.5 0.6 1.8071E-4
4.5 0.65  2.5494E-5
4.5 0.7 2.6166E-4
4.5 0.75  2.9314E-4
4.5 0.8 2.1183E-5
4.5 0.85  1.6165E-4
4.5 0.9 3.5616E-4
4.5 0.95  8.9321E-5
4.5 1 1.0268E-4
4.5 1.05  5.2887E-4
4.5 1.1 3.2889E-4
4.5 1.15  6.0604E-5
4.5 1.2 0.0018
4.5 1.25  0.0046
4.5 1.3 0.0055
4.5 1.35  0.0034
4.5 1.4 9.9343E-4
4.5 1.45  4.4565E-5
4.5 1.5 6.9395E-5
4.5 1.55  9.2159E-5
4.5 1.6 1.6373E-5
4.5 1.7 1.7033E-5
4.55  -2.7  3.1226E-5
4.55  -2.65 9.0228E-5
4.55  -2.6  1.2335E-4
4.55  -2.55 8.7085E-5
4.55  -2.5  2.7092E-5
4.55  -1.7  1.0531E-5
4.55  -1.6  1.0406E-5
4.55  -1.55 5.9766E-5
4.55  -1.5  4.5718E-5
4.55  -1.45 2.8817E-5
4.55  -1.4  6.9244E-4
4.55  -1.35 0.0024
4.55  -1.3  0.0038
4.55  -1.25 0.0033
4.55  -1.2  0.0013
4.55  -1.15 4.308E-5
4.55  -1.1  2.4238E-4
4.55  -1.05 4.0264E-4
4.55  -1  8.4488E-5
4.55  -0.95 6.3071E-5
4.55  -0.9  2.7938E-4
4.55  -0.85 1.5371E-4
4.55  -0.75 1.3238E-4
4.55  -0.7  1.1244E-4
4.55  -0.65 2.6861E-5
4.55  -0.6  2.3982E-4
4.55  -0.55 2.7789E-4
4.55  -0.5  2.4232E-5
4.55  -0.45 2.2506E-4
4.55  -0.4  5.4528E-4
4.55  -0.35 1.4067E-4
4.55  -0.3  2.574E-4
4.55  -0.25 0.0013
4.55  -0.2  8.5022E-4
4.55  -0.15 4.0451E-4
4.55  -0.1  0.0074
4.55  -0.05 0.0218
4.55  0 0.0298
4.55  0.05  0.022
4.55  0.1 0.0074
4.55  0.15  2.9687E-4
4.55  0.2 8.9933E-4
4.55  0.25  0.0014
4.55  0.3 2.722E-4
4.55  0.35  1.4591E-4
4.55  0.4 5.9776E-4
4.55  0.45  3.1003E-4
4.55  0.55  1.7569E-4
4.55  0.6 1.3955E-4
4.55  0.65  2.4477E-5
4.55  0.7 2.1444E-4
4.55  0.75  2.3117E-4
4.55  0.8 2.0122E-5
4.55  0.85  1.2655E-4
4.55  0.9 2.8132E-4
4.55  0.95  7.2649E-5
4.55  1 8.0668E-5
4.55  1.05  4.2884E-4
4.55  1.1 2.5296E-4
4.55  1.15  7.9344E-5
4.55  1.2 0.0014
4.55  1.25  0.0037
4.55  1.3 0.0043
4.55  1.35  0.0027
4.55  1.4 7.7086E-4
4.55  1.45  3.5492E-5
4.55  1.5 5.2285E-5
4.55  1.55  7.2258E-5
4.55  1.6 1.1937E-5
4.55  1.7 1.2999E-5
4.6 -2.7  1.6824E-5
4.6 -2.65 4.9774E-5
4.6 -2.6  6.7388E-5
4.6 -2.55 4.8164E-5
4.6 -2.5  1.4814E-5
4.6 -1.55 3.2991E-5
4.6 -1.5  2.5335E-5
4.6 -1.45 1.4684E-5
4.6 -1.4  3.7149E-4
4.6 -1.35 0.0013
4.6 -1.3  0.0021
4.6 -1.25 0.0018
4.6 -1.2  6.9782E-4
4.6 -1.15 3.755E-5
4.6 -1.1  1.2676E-4
4.6 -1.05 2.2282E-4
4.6 -1  4.6868E-5
4.6 -0.95 3.6155E-5
4.6 -0.9  1.5346E-4
4.6 -0.85 8.3962E-5
4.6 -0.75 7.3005E-5
4.6 -0.7  6.3543E-5
4.6 -0.65 1.6515E-5
4.6 -0.6  1.3062E-4
4.6 -0.55 1.5303E-4
4.6 -0.5  9.6849E-6
4.6 -0.45 1.2459E-4
4.6 -0.4  2.9298E-4
4.6 -0.35 7.6701E-5
4.6 -0.3  1.3424E-4
4.6 -0.25 7.0939E-4
4.6 -0.2  4.618E-4
4.6 -0.15 1.4285E-4
4.6 -0.1  0.004
4.6 -0.05 0.0119
4.6 0 0.0164
4.6 0.05  0.0121
4.6 0.1 0.0041
4.6 0.15  2.1243E-4
4.6 0.2 4.8476E-4
4.6 0.25  7.6301E-4
4.6 0.3 1.5833E-4
4.6 0.35  7.0707E-5
4.6 0.4 3.339E-4
4.6 0.45  1.6862E-4
4.6 0.55  9.8249E-5
4.6 0.6 7.9767E-5
4.6 0.65  1.7679E-5
4.6 0.7 1.1751E-4
4.6 0.75  1.2722E-4
4.6 0.8 1.0436E-5
4.6 0.85  6.9598E-5
4.6 0.9 1.546E-4
4.6 0.95  3.69E-5
4.6 1 4.6918E-5
4.6 1.05  2.2986E-4
4.6 1.1 1.406E-4
4.6 1.15  2.7993E-5
4.6 1.2 7.7084E-4
4.6 1.25  0.002
4.6 1.3 0.0024
4.6 1.35  0.0015
4.6 1.4 4.3795E-4
4.6 1.45  1.9608E-5
4.6 1.5 2.9409E-5
4.6 1.55  3.979E-5
4.65  -2.65 1.6284E-5
4.65  -2.6  2.2269E-5
4.65  -2.55 1.5586E-5
4.65  -1.55 1.0888E-5
4.65  -1.4  1.2079E-4
4.65  -1.35 4.2812E-4
4.65  -1.3  6.9166E-4
4.65  -1.25 5.8687E-4
4.65  -1.2  2.3204E-4
4.65  -1.1  3.9921E-5
4.65  -1.05 6.9735E-5
4.65  -1  1.5435E-5
4.65  -0.95 1.1256E-5
4.65  -0.9  4.8691E-5
4.65  -0.85 2.7879E-5
4.65  -0.75 2.643E-5
4.65  -0.7  2.2784E-5
4.65  -0.6  4.3748E-5
4.65  -0.55 4.8175E-5
4.65  -0.45 4.1465E-5
4.65  -0.4  9.5485E-5
4.65  -0.35 2.6666E-5
4.65  -0.3  4.4581E-5
4.65  -0.25 2.3768E-4
4.65  -0.2  1.4759E-4
4.65  -0.15 7.4489E-5
4.65  -0.1  0.0013
4.65  -0.05 0.0039
4.65  0 0.0054
4.65  0.05  0.0039
4.65  0.1 0.0013
4.65  0.15  6.275E-5
4.65  0.2 1.4511E-4
4.65  0.25  2.4299E-4
4.65  0.3 4.766E-5
4.65  0.35  2.6126E-5
4.65  0.4 1.0478E-4
4.65  0.45  5.561E-5
4.65  0.55  3.5227E-5
4.65  0.6 2.871E-5
4.65  0.7 3.8854E-5
4.65  0.75  3.9343E-5
4.65  0.85  2.3465E-5
4.65  0.9 4.9745E-5
4.65  0.95  1.3233E-5
4.65  1 1.5445E-5
4.65  1.05  7.768E-5
4.65  1.1 4.7951E-5
4.65  1.15  1.1041E-5
4.65  1.2 2.462E-4
4.65  1.25  6.6252E-4
4.65  1.3 7.6894E-4
4.65  1.35  4.9008E-4
4.65  1.4 1.3864E-4
4.65  1.5 9.3078E-6
4.65  1.55  1.2815E-5
4.7 -1.4  1.1096E-5
4.7 -1.35 3.8823E-5
4.7 -1.3  6.5154E-5
4.7 -1.25 5.2651E-5
4.7 -1.2  1.9841E-5
4.7 -0.25 2.3263E-5
4.7 -0.2  1.6381E-5
4.7 -0.1  1.1988E-4
4.7 -0.05 3.6435E-4
4.7 0 5.0377E-4
4.7 0.05  3.5143E-4
4.7 0.1 1.1784E-4
4.7 0.2 1.3351E-5
4.7 0.25  2.0465E-5
4.7 0.4 9.1993E-6
4.7 1.2 2.1998E-5
4.7 1.25  6.1107E-5
4.7 1.3 7.2073E-5
4.7 1.35  4.3067E-5
4.7 1.4 1.4631E-5
4.75  -1.35 1.8475E-5
4.75  -1.3  2.9723E-5
4.75  -1.25 2.5075E-5
4.75  -1.2  1.0267E-5
4.75  -0.1  6.0971E-5
4.75  -0.05 1.6673E-4
4.75  0 2.2959E-4
4.75  0.05  1.6868E-4
4.75  0.1 5.9517E-5
4.75  0.25  1.1632E-5
4.75  1.2 1.0872E-5
4.75  1.25  2.8904E-5
4.75  1.3 3.3169E-5
4.75  1.35  2.0251E-5
4.8 -1.4  2.342E-5
4.8 -1.35 8.1748E-5
4.8 -1.3  1.3217E-4
4.8 -1.25 1.1504E-4
4.8 -1.2  4.4373E-5
4.8 -1.05 1.4139E-5
4.8 -0.9  1.0139E-5
4.8 -0.55 1.0774E-5
4.8 -0.4  1.7882E-5
4.8 -0.25 3.694E-5
4.8 -0.2  2.458E-5
4.8 -0.15 1.035E-5
4.8 -0.1  2.5217E-4
4.8 -0.05 7.4283E-4
4.8 0 0.001
4.8 0.05  7.6423E-4
4.8 0.1 2.6797E-4
4.8 0.15  1.335E-5
4.8 0.2 2.9828E-5
4.8 0.25  4.8313E-5
4.8 0.3 1.0812E-5
4.8 0.4 2.1743E-5
4.8 0.45  1.1626E-5
4.8 0.75  8.9212E-6
4.8 0.9 9.3201E-6
4.8 1.05  1.203E-5
4.8 1.2 4.7955E-5
4.8 1.25  1.2464E-4
4.8 1.3 1.4929E-4
4.8 1.35  9.2941E-5
4.8 1.4 2.8378E-5
4.85  -1.4  2.2058E-5
4.85  -1.35 7.7218E-5
4.85  -1.3  1.2508E-4
4.85  -1.25 1.0788E-4
4.85  -1.2  4.3349E-5
4.85  -1.05 1.2703E-5
4.85  -0.9  9.2555E-6
4.85  -0.55 9.1612E-6
4.85  -0.4  1.6376E-5
4.85  -0.25 3.4784E-5
4.85  -0.2  2.1417E-5
4.85  -0.15 1.4925E-5
4.85  -0.1  2.4023E-4
4.85  -0.05 7.0267E-4
4.85  0 9.689E-4
4.85  0.05  7.2645E-4
4.85  0.1 2.4962E-4
4.85  0.15  1.3806E-5
4.85  0.2 2.6152E-5
4.85  0.25  4.4619E-5
4.85  0.3 9.021E-6
4.85  0.4 1.9762E-5
4.85  0.45  1.1235E-5
4.85  1.05  1.1138E-5
4.85  1.2 4.5577E-5
4.85  1.25  1.1797E-4
4.85  1.3 1.397E-4
4.85  1.35  8.9078E-5
4.85  1.4 2.6159E-5
4.9 -1.35 2.792E-5
4.9 -1.3  4.5046E-5
4.9 -1.25 3.9726E-5
4.9 -1.2  1.6865E-5
4.9 -0.25 1.0583E-5
4.9 -0.1  9.1007E-5
4.9 -0.05 2.5269E-4
4.9 0 3.5066E-4
4.9 0.05  2.6526E-4
4.9 0.1 9.7733E-5
4.9 0.25  1.5077E-5
4.9 1.2 1.6575E-5
4.9 1.25  4.2539E-5
4.9 1.3 5.0774E-5
4.9 1.35  3.304E-5
4.9 1.4 1.0183E-5
4.95  -0.05 9.4074E-6
4.95  0 1.238E-5
4.95  0.05  8.7262E-6
5 -1.3  1.2642E-5
5 -1.25 1.0877E-5
5 -0.1  2.2588E-5
5 -0.05 6.9496E-5
5 0 9.764E-5
5 0.05  7.182E-5
5 0.1 2.3855E-5
5 1.25  1.1704E-5
5 1.3 1.3912E-5
5.05  -1.35 1.6686E-5
5.05  -1.3  2.7475E-5
5.05  -1.25 2.4273E-5
5.05  -1.2  9.7752E-6
5.05  -0.25 1.0477E-5
5.05  -0.1  4.8383E-5
5.05  -0.05 1.5168E-4
5.05  0 2.1244E-4
5.05  0.05  1.6119E-4
5.05  0.1 5.6382E-5
5.05  0.25  1.0339E-5
5.05  1.2 9.1769E-6
5.05  1.25  2.5187E-5
5.05  1.3 3.0324E-5
5.05  1.35  1.9658E-5
5.1 -1.35 1.1097E-5
5.1 -1.3  1.9007E-5
5.1 -1.25 1.7232E-5
5.1 -0.1  3.2443E-5
5.1 -0.05 1.0176E-4
5.1 0 1.4773E-4
5.1 0.05  1.1409E-4
5.1 0.1 4.2196E-5
5.1 1.25  1.707E-5
5.1 1.3 2.1079E-5
5.1 1.35  1.3914E-5
5.15  -0.05 1.7651E-5
5.15  0 2.6809E-5
5.15  0.05  2.3108E-5
5.15  0.1 9.4863E-6
5.2 -0.05 8.7037E-6
5.2 0 1.051E-5
5.25  -1.3  9.3482E-6
5.25  -0.1  1.9604E-5
5.25  -0.05 5.5199E-5
5.25  0 7.1794E-5
5.25  0.05  5.0595E-5
5.25  0.1 1.5638E-5
5.25  1.25  9.2755E-6
5.25  1.3 1.0365E-5
5.3 -1.3  1.3592E-5
5.3 -1.25 1.1407E-5
5.3 -0.1  2.8349E-5
5.3 -0.05 7.8721E-5
5.3 0 1.0493E-4
5.3 0.05  7.5553E-5
5.3 0.1 2.6065E-5
5.3 1.25  1.3313E-5
5.3 1.3 1.5128E-5
5.3 1.35  9.3148E-6
5.35  -1.3  9.9359E-6
5.35  -0.1  2.0704E-5
5.35  -0.05 5.7738E-5
5.35  0 7.6733E-5
5.35  0.05  5.6936E-5
5.35  0.1 2.0462E-5
5.35  1.25  9.7678E-6
5.35  1.3 1.1187E-5
5.4 -0.1  9.0646E-6
5.4 -0.05 2.4451E-5
5.4 0 3.3068E-5
5.4 0.05  2.4769E-5
5.4 0.1 9.4565E-6
6.6 0 1.1926E-5
6.6 0.05  8.9143E-6
6.65  -0.05 1.1505E-5
6.65  0 1.6284E-5
6.65  0.05  1.1931E-5
6.85  -0.05 1.1435E-5
6.85  0 1.5839E-5
6.85  0.05  1.1414E-5
6.9 -0.05 9.4523E-6
6.9 0 1.3094E-5
6.9 0.05  9.5804E-6
7.15  -0.05 1.8372E-5
7.15  0 2.3252E-5
7.15  0.05  1.6542E-5
7.2 -1.35 1.0227E-5
7.2 -1.3  1.5809E-5
7.2 -1.25 1.3337E-5
7.2 -0.1  3.2667E-5
7.2 -0.05 9.0113E-5
7.2 0 1.1818E-4
7.2 0.05  8.5614E-5
7.2 0.1 2.9144E-5
7.2 1.25  1.4751E-5
7.2 1.3 1.6823E-5
7.2 1.35  1.0211E-5
7.25  -1.35 2.1853E-5
7.25  -1.3  3.4254E-5
7.25  -1.25 2.8764E-5
7.25  -1.2  1.1222E-5
7.25  -0.25 1.2408E-5
7.25  -0.1  6.7945E-5
7.25  -0.05 1.9248E-4
7.25  0 2.5599E-4
7.25  0.05  1.8591E-4
7.25  0.1 6.2995E-5
7.25  0.25  1.0578E-5
7.25  1.2 1.2722E-5
7.25  1.25  3.1686E-5
7.25  1.3 3.6113E-5
7.25  1.35  2.2476E-5
7.3 -1.35 2.6105E-5
7.3 -1.3  4.1204E-5
7.3 -1.25 3.5107E-5
7.3 -1.2  1.3451E-5
7.3 -0.25 1.4534E-5
7.3 -0.2  8.7197E-6
7.3 -0.1  8.0226E-5
7.3 -0.05 2.2914E-4
7.3 0 3.0851E-4
7.3 0.05  2.2447E-4
7.3 0.1 7.5806E-5
7.3 0.25  1.3031E-5
7.3 1.2 1.5063E-5
7.3 1.25  3.7595E-5
7.3 1.3 4.3778E-5
7.3 1.35  2.699E-5
7.35  -1.35 1.6611E-5
7.35  -1.3  2.6169E-5
7.35  -1.25 2.2168E-5
7.35  -0.25 9.4827E-6
7.35  -0.1  4.8526E-5
7.35  -0.05 1.4559E-4
7.35  0 1.9498E-4
7.35  0.05  1.4211E-4
7.35  0.1 4.729E-5
7.35  1.2 9.2186E-6
7.35  1.25  2.389E-5
7.35  1.3 2.7509E-5
7.35  1.35  1.7089E-5
7.4 -0.1  8.9505E-6
7.4 -0.05 2.4149E-5
7.4 0 3.272E-5
7.4 0.05  2.3658E-5
7.45  -0.05 1.7087E-5
7.45  0 2.2621E-5
7.45  0.05  1.6363E-5
7.5 -1.35 1.4917E-5
7.5 -1.3  2.3525E-5
7.5 -1.25 1.9902E-5
7.5 -0.1  4.5229E-5
7.5 -0.05 1.2912E-4
7.5 0 1.7547E-4
7.5 0.05  1.2703E-4
7.5 0.1 4.105E-5
7.5 1.25  2.1196E-5
7.5 1.3 2.4753E-5
7.5 1.35  1.499E-5
7.55  -1.35 2.1895E-5
7.55  -1.3  3.456E-5
7.55  -1.25 2.9173E-5
7.55  -1.2  1.1067E-5
7.55  -0.25 1.1762E-5
7.55  -0.1  6.4484E-5
7.55  -0.05 1.9046E-4
7.55  0 2.5588E-4
7.55  0.05  1.8649E-4
7.55  0.1 6.1376E-5
7.55  0.25  1.144E-5
7.55  1.2 1.1954E-5
7.55  1.25  3.1145E-5
7.55  1.3 3.5995E-5
7.55  1.35  2.2357E-5
7.6 -1.35 1.0833E-5
7.6 -1.3  1.7457E-5
7.6 -1.25 1.4841E-5
7.6 -0.1  3.2652E-5
7.6 -0.05 9.5592E-5
7.6 0 1.2976E-4
7.6 0.05  9.5254E-5
7.6 0.1 3.2116E-5
7.6 1.25  1.5633E-5
7.6 1.3 1.8251E-5
7.6 1.35  1.1245E-5
7.7 -1.35 1.4446E-5
7.7 -1.3  2.3719E-5
7.7 -1.25 1.9711E-5
7.7 -0.1  4.1662E-5
7.7 -0.05 1.3091E-4
7.7 0 1.7604E-4
7.7 0.05  1.2525E-4
7.7 0.1 4.264E-5
7.7 1.25  2.1147E-5
7.7 1.3 2.4608E-5
7.7 1.35  1.5021E-5
7.75  -1.4  1.2552E-5
7.75  -1.35 4.3952E-5
7.75  -1.3  7.0423E-5
7.75  -1.25 5.9241E-5
7.75  -1.2  2.1996E-5
7.75  -0.4  1.0271E-5
7.75  -0.25 2.4249E-5
7.75  -0.2  1.6042E-5
7.75  -0.1  1.2503E-4
7.75  -0.05 3.8048E-4
7.75  0 5.1996E-4
7.75  0.05  3.7789E-4
7.75  0.1 1.2287E-4
7.75  0.2 1.5348E-5
7.75  0.25  2.1812E-5
7.75  0.4 1.0904E-5
7.75  1.2 2.3381E-5
7.75  1.25  6.1964E-5
7.75  1.3 7.2987E-5
7.75  1.35  4.5162E-5
7.75  1.4 1.2474E-5
7.8 -1.4  1.3055E-5
7.8 -1.35 4.4346E-5
7.8 -1.3  7.2192E-5
7.8 -1.25 6.0598E-5
7.8 -1.2  2.2625E-5
7.8 -0.4  1.0278E-5
7.8 -0.25 2.404E-5
7.8 -0.2  1.6522E-5
7.8 -0.1  1.2573E-4
7.8 -0.05 3.8837E-4
7.8 0 5.3457E-4
7.8 0.05  3.8172E-4
7.8 0.1 1.2802E-4
7.8 0.2 1.6153E-5
7.8 0.25  2.2055E-5
7.8 0.4 1.2374E-5
7.8 1.2 2.3402E-5
7.8 1.25  6.3354E-5
7.8 1.3 7.4433E-5
7.8 1.35  4.6022E-5
7.8 1.4 1.3027E-5
7.85  -1.35 9.2023E-6
7.85  -1.3  1.5261E-5
7.85  -1.25 1.38E-5
7.85  -0.1  2.7399E-5
7.85  -0.05 7.9869E-5
7.85  0 1.1392E-4
7.85  0.05  8.2093E-5
7.85  0.1 2.6668E-5
7.85  1.25  1.307E-5
7.85  1.3 1.5836E-5
7.85  1.35  1.002E-5
7.9 -1.35 1.7187E-5
7.9 -1.3  2.8459E-5
7.9 -1.25 2.3913E-5
7.9 -0.25 9.5973E-6
7.9 -0.1  4.9629E-5
7.9 -0.05 1.4822E-4
7.9 0 2.1039E-4
7.9 0.05  1.4921E-4
7.9 0.1 4.9072E-5
7.9 1.2 9.112E-6
7.9 1.25  2.4295E-5
7.9 1.3 2.9589E-5
7.9 1.35  1.7485E-5
7.95  -2.6  9.7146E-6
7.95  -1.4  5.124E-5
7.95  -1.35 1.7939E-4
7.95  -1.3  2.8233E-4
7.95  -1.25 2.4214E-4
7.95  -1.2  8.9323E-5
7.95  -1.1  1.8008E-5
7.95  -1.05 2.7253E-5
7.95  -0.9  1.4047E-5
7.95  -0.75 2.1224E-5
7.95  -0.7  1.434E-5
7.95  -0.6  1.8898E-5
7.95  -0.55 2.368E-5
7.95  -0.45 1.7437E-5
7.95  -0.4  4.2418E-5
7.95  -0.35 1.1013E-5
7.95  -0.3  1.6331E-5
7.95  -0.25 9.673E-5
7.95  -0.2  6.5815E-5
7.95  -0.15 2.2127E-5
7.95  -0.1  5.1007E-4
7.95  -0.05 0.0015
7.95  0 0.0021
7.95  0.05  0.0015
7.95  0.1 4.9245E-4
7.95  0.15  2.0832E-5
7.95  0.2 5.7838E-5
7.95  0.25  9.03E-5
7.95  0.3 1.6364E-5
7.95  0.4 2.8973E-5
7.95  0.55  2.8805E-5
7.95  0.6 1.7954E-5
7.95  0.7 1.5404E-5
7.95  0.75  1.8855E-5
7.95  0.85  9.2961E-6
7.95  0.9 2.1218E-5
7.95  1.05  3.0454E-5
7.95  1.1 1.7883E-5
7.95  1.2 9.592E-5
7.95  1.25  2.4908E-4
7.95  1.3 2.9412E-4
7.95  1.35  1.8229E-4
7.95  1.4 5.0518E-5
8 -2.65 2.0484E-5
8 -2.6  2.7576E-5
8 -2.55 1.9182E-5
8 -1.55 1.3396E-5
8 -1.5  1.0399E-5
8 -1.4  1.4596E-4
8 -1.35 5.069E-4
8 -1.3  8.0584E-4
8 -1.25 6.7375E-4
8 -1.2  2.5546E-4
8 -1.15 9.5837E-6
8 -1.1  4.838E-5
8 -1.05 7.5967E-5
8 -1  1.4226E-5
8 -0.95 1.2206E-5
8 -0.9  4.4795E-5
8 -0.85 1.5051E-5
8 -0.8  8.7266E-6
8 -0.75 5.3241E-5
8 -0.7  3.4627E-5
8 -0.6  5.2445E-5
8 -0.55 6.6721E-5
8 -0.45 4.7904E-5
8 -0.4  1.1831E-4
8 -0.35 3.0406E-5
8 -0.3  5.1341E-5
8 -0.25 2.7193E-4
8 -0.2  1.8256E-4
8 -0.15 6.5432E-5
8 -0.1  0.0015
8 -0.05 0.0043
8 0 0.0059
8 0.05  0.0043
8 0.1 0.0014
8 0.15  5.1305E-5
8 0.2 1.7425E-4
8 0.25  2.4975E-4
8 0.3 4.3648E-5
8 0.35  2.5911E-5
8 0.4 9.2374E-5
8 0.45  2.9457E-5
8 0.5 1.1744E-5
8 0.55  7.1118E-5
8 0.6 4.3832E-5
8 0.7 4.4702E-5
8 0.75  5.2223E-5
8 0.85  2.5206E-5
8 0.9 5.9793E-5
8 0.95  1.482E-5
8 1 1.6475E-5
8 1.05  8.521E-5
8 1.1 5.2595E-5
8 1.15  1.2909E-5
8 1.2 2.697E-4
8 1.25  7.0672E-4
8 1.3 8.2296E-4
8 1.35  5.0953E-4
8 1.4 1.4448E-4
8 1.5 1.0258E-5
8 1.55  1.2655E-5
8.05  -2.7  1.1705E-5
8.05  -2.65 3.4217E-5
8.05  -2.6  4.5736E-5
8.05  -2.55 3.2049E-5
8.05  -2.5  9.5771E-6
8.05  -1.55 2.2228E-5
8.05  -1.5  1.6643E-5
8.05  -1.45 1.1072E-5
8.05  -1.4  2.3604E-4
8.05  -1.35 8.3165E-4
8.05  -1.3  0.0013
8.05  -1.25 0.0011
8.05  -1.2  4.2141E-4
8.05  -1.15 2.1783E-5
8.05  -1.1  7.9146E-5
8.05  -1.05 1.2872E-4
8.05  -1  2.2894E-5
8.05  -0.95 2.2569E-5
8.05  -0.9  7.7911E-5
8.05  -0.85 2.8669E-5
8.05  -0.8  1.1925E-5
8.05  -0.75 7.9796E-5
8.05  -0.7  5.3951E-5
8.05  -0.6  8.7349E-5
8.05  -0.55 1.0839E-4
8.05  -0.45 7.895E-5
8.05  -0.4  1.9017E-4
8.05  -0.35 5.43E-5
8.05  -0.3  7.6696E-5
8.05  -0.25 4.4905E-4
8.05  -0.2  2.9303E-4
8.05  -0.15 1.0745E-4
8.05  -0.1  0.0024
8.05  -0.05 0.0071
8.05  0 0.0097
8.05  0.05  0.0071
8.05  0.1 0.0024
8.05  0.15  1.2665E-4
8.05  0.2 2.7922E-4
8.05  0.25  4.2696E-4
8.05  0.3 7.378E-5
8.05  0.35  4.7052E-5
8.05  0.4 1.6181E-4
8.05  0.45  5.5559E-5
8.05  0.5 1.7034E-5
8.05  0.55  1.0725E-4
8.05  0.6 6.8485E-5
8.05  0.7 7.3192E-5
8.05  0.75  8.6306E-5
8.05  0.85  4.1836E-5
8.05  0.9 9.5332E-5
8.05  0.95  2.6132E-5
8.05  1 2.5512E-5
8.05  1.05  1.3967E-4
8.05  1.1 8.7338E-5
8.05  1.15  1.5521E-5
8.05  1.2 4.4482E-4
8.05  1.25  0.0012
8.05  1.3 0.0014
8.05  1.35  8.4662E-4
8.05  1.4 2.4367E-4
8.05  1.45  1.2041E-5
8.05  1.5 1.6437E-5
8.05  1.55  2.13E-5
8.1 -2.7  1.361E-5
8.1 -2.65 3.9307E-5
8.1 -2.6  5.3012E-5
8.1 -2.55 3.7063E-5
8.1 -2.5  1.1347E-5
8.1 -1.55 2.5229E-5
8.1 -1.5  1.968E-5
8.1 -1.45 1.0968E-5
8.1 -1.4  2.7712E-4
8.1 -1.35 9.597E-4
8.1 -1.3  0.0015
8.1 -1.25 0.0013
8.1 -1.2  4.9136E-4
8.1 -1.15 2.0339E-5
8.1 -1.1  9.3297E-5
8.1 -1.05 1.4713E-4
8.1 -1  2.7739E-5
8.1 -0.95 2.5118E-5
8.1 -0.9  9.4109E-5
8.1 -0.85 3.6859E-5
8.1 -0.8  1.1528E-5
8.1 -0.75 8.7654E-5
8.1 -0.7  5.8459E-5
8.1 -0.6  1.0123E-4
8.1 -0.55 1.2536E-4
8.1 -0.5  1.1628E-5
8.1 -0.45 9.0707E-5
8.1 -0.4  2.2403E-4
8.1 -0.35 5.9123E-5
8.1 -0.3  9.7841E-5
8.1 -0.25 5.1236E-4
8.1 -0.2  3.4404E-4
8.1 -0.15 1.2837E-4
8.1 -0.1  0.0028
8.1 -0.05 0.0083
8.1 0 0.0113
8.1 0.05  0.0082
8.1 0.1 0.0027
8.1 0.15  9.0313E-5
8.1 0.2 3.2839E-4
8.1 0.25  4.815E-4
8.1 0.3 8.7874E-5
8.1 0.35  5.3735E-5
8.1 0.4 1.9172E-4
8.1 0.45  7.0915E-5
8.1 0.5 1.4343E-5
8.1 0.55  1.1692E-4
8.1 0.6 7.414E-5
8.1 0.7 8.6148E-5
8.1 0.75  9.8128E-5
8.1 0.8 9.8066E-6
8.1 0.85  4.7694E-5
8.1 0.9 1.1206E-4
8.1 0.95  2.9476E-5
8.1 1 3.042E-5
8.1 1.05  1.6158E-4
8.1 1.1 9.9407E-5
8.1 1.15  2.5518E-5
8.1 1.2 5.1E-4
8.1 1.25  0.0013
8.1 1.3 0.0016
8.1 1.35  9.7475E-4
8.1 1.4 2.7535E-4
8.1 1.45  1.0222E-5
8.1 1.5 1.9059E-5
8.1 1.55  2.4425E-5
8.15  -2.7  1.1205E-5
8.15  -2.65 3.2747E-5
8.15  -2.6  4.3822E-5
8.15  -2.55 3.0844E-5
8.15  -2.5  9.2219E-6
8.15  -1.55 2.1184E-5
8.15  -1.5  1.5871E-5
8.15  -1.45 9.8889E-6
8.15  -1.4  2.256E-4
8.15  -1.35 7.9382E-4
8.15  -1.3  0.0013
8.15  -1.25 0.0011
8.15  -1.2  4.0518E-4
8.15  -1.15 1.9151E-5
8.15  -1.1  7.6144E-5
8.15  -1.05 1.2463E-4
8.15  -1  2.261E-5
8.15  -0.95 2.2187E-5
8.15  -0.9  7.9363E-5
8.15  -0.85 3.2331E-5
8.15  -0.75 6.6527E-5
8.15  -0.7  4.6926E-5
8.15  -0.6  8.2633E-5
8.15  -0.55 1.0156E-4
8.15  -0.45 7.6149E-5
8.15  -0.4  1.8063E-4
8.15  -0.35 5.0077E-5
8.15  -0.3  7.3592E-5
8.15  -0.25 4.2583E-4
8.15  -0.2  2.8093E-4
8.15  -0.15 9.8295E-5
8.15  -0.1  0.0023
8.15  -0.05 0.0068
8.15  0 0.0093
8.15  0.05  0.0068
8.15  0.1 0.0023
8.15  0.15  1.1493E-4
8.15  0.2 2.6884E-4
8.15  0.25  4.0907E-4
8.15  0.3 7.3438E-5
8.15  0.35  4.6731E-5
8.15  0.4 1.6436E-4
8.15  0.45  6.2256E-5
8.15  0.5 1.2194E-5
8.15  0.55  8.9561E-5
8.15  0.6 5.8879E-5
8.15  0.7 6.9459E-5
8.15  0.75  8.0626E-5
8.15  0.85  4.0448E-5
8.15  0.9 9.0495E-5
8.15  0.95  2.3921E-5
8.15  1 2.4636E-5
8.15  1.05  1.3201E-4
8.15  1.1 8.2633E-5
8.15  1.15  1.3159E-5
8.15  1.2 4.2276E-4
8.15  1.25  0.0011
8.15  1.3 0.0013
8.15  1.35  8.1049E-4
8.15  1.4 2.3291E-4
8.15  1.45  1.077E-5
8.15  1.5 1.5883E-5
8.15  1.55  2.0487E-5
8.2 -2.65 1.8714E-5
8.2 -2.6  2.5333E-5
8.2 -2.55 1.7568E-5
8.2 -1.55 1.2003E-5
8.2 -1.5  9.3194E-6
8.2 -1.4  1.3694E-4
8.2 -1.35 4.5664E-4
8.2 -1.3  7.3596E-4
8.2 -1.25 6.2278E-4
8.2 -1.2  2.4084E-4
8.2 -1.15 8.9415E-6
8.2 -1.1  4.4726E-5
8.2 -1.05 7.1168E-5
8.2 -1  1.3537E-5
8.2 -0.95 1.1955E-5
8.2 -0.9  4.649E-5
8.2 -0.85 1.9731E-5
8.2 -0.75 3.6252E-5
8.2 -0.7  2.5207E-5
8.2 -0.6  4.7319E-5
8.2 -0.55 5.6468E-5
8.2 -0.45 4.2842E-5
8.2 -0.4  1.0647E-4
8.2 -0.35 2.7018E-5
8.2 -0.3  4.9001E-5
8.2 -0.25 2.4378E-4
8.2 -0.2  1.6174E-4
8.2 -0.15 6.9308E-5
8.2 -0.1  0.0014
8.2 -0.05 0.0039
8.2 0 0.0054
8.2 0.05  0.0039
8.2 0.1 0.0013
8.2 0.15  4.1102E-5
8.2 0.2 1.5707E-4
8.2 0.25  2.2887E-4
8.2 0.3 4.222E-5
8.2 0.35  2.5977E-5
8.2 0.4 9.4589E-5
8.2 0.45  3.8054E-5
8.2 0.55  4.8167E-5
8.2 0.6 3.2346E-5
8.2 0.7 3.9991E-5
8.2 0.75  4.4163E-5
8.2 0.85  2.2792E-5
8.2 0.9 5.2663E-5
8.2 0.95  1.349E-5
8.2 1 1.5437E-5
8.2 1.05  7.6862E-5
8.2 1.1 4.6826E-5
8.2 1.15  1.0635E-5
8.2 1.2 2.4691E-4
8.2 1.25  6.4123E-4
8.2 1.3 7.4689E-4
8.2 1.35  4.7238E-4
8.2 1.4 1.3114E-4
8.2 1.5 9.0825E-6
8.2 1.55  1.1903E-5
8.25  -1.4  4.3327E-5
8.25  -1.35 1.5197E-4
8.25  -1.3  2.4348E-4
8.25  -1.25 2.0699E-4
8.25  -1.2  8.0095E-5
8.25  -1.1  1.3965E-5
8.25  -1.05 2.4262E-5
8.25  -0.9  1.5819E-5
8.25  -0.75 1.0554E-5
8.25  -0.6  1.4974E-5
8.25  -0.55 1.8315E-5
8.25  -0.45 1.4543E-5
8.25  -0.4  3.4622E-5
8.25  -0.35 9.7968E-6
8.25  -0.3  1.4729E-5
8.25  -0.25 8.055E-5
8.25  -0.2  5.2773E-5
8.25  -0.15 1.9317E-5
8.25  -0.1  4.422E-4
8.25  -0.05 0.0013
8.25  0 0.0018
8.25  0.05  0.0013
8.25  0.1 4.5483E-4
8.25  0.15  2.2811E-5
8.25  0.2 5.0101E-5
8.25  0.25  7.8696E-5
8.25  0.3 1.5462E-5
8.25  0.35  8.7238E-6
8.25  0.4 3.3016E-5
8.25  0.45  1.3692E-5
8.25  0.55  1.4255E-5
8.25  0.6 9.6291E-6
8.25  0.7 1.2539E-5
8.25  0.75  1.4041E-5
8.25  0.9 1.7495E-5
8.25  1.05  2.4889E-5
8.25  1.1 1.6154E-5
8.25  1.2 8.2061E-5
8.25  1.25  2.0986E-4
8.25  1.3 2.5135E-4
8.25  1.35  1.5597E-4
8.25  1.4 4.6217E-5
8.3 -1.35 1.1639E-5
8.3 -1.3  2.002E-5
8.3 -1.25 1.6306E-5
8.3 -0.1  3.6558E-5
8.3 -0.05 1.0218E-4
8.3 0 1.4347E-4
8.3 0.05  1.0041E-4
8.3 0.1 3.3249E-5
8.3 1.25  1.6755E-5
8.3 1.3 2.1107E-5
8.3 1.35  1.1607E-5
8.35  -1.35 1.1159E-5
8.35  -1.3  1.7362E-5
8.35  -1.25 1.4859E-5
8.35  -0.1  3.1391E-5
8.35  -0.05 9.184E-5
8.35  0 1.2789E-4
8.35  0.05  9.3682E-5
8.35  0.1 2.9727E-5
8.35  1.25  1.5644E-5
8.35  1.3 1.7928E-5
8.35  1.35  1.1031E-5
8.4 -1.4  1.2424E-5
8.4 -1.35 4.2397E-5
8.4 -1.3  6.7873E-5
8.4 -1.25 5.7351E-5
8.4 -1.2  2.1888E-5
8.4 -0.25 2.1871E-5
8.4 -0.2  1.3976E-5
8.4 -0.1  1.2319E-4
8.4 -0.05 3.6329E-4
8.4 0 4.9434E-4
8.4 0.05  3.6176E-4
8.4 0.1 1.2112E-4
8.4 0.2 1.3897E-5
8.4 0.25  2.1147E-5
8.4 0.4 8.9541E-6
8.4 1.2 2.2566E-5
8.4 1.25  5.895E-5
8.4 1.3 6.881E-5
8.4 1.35  4.2963E-5
8.4 1.4 1.2139E-5
8.45  -1.4  1.1477E-5
8.45  -1.35 4.0182E-5
8.45  -1.3  6.3576E-5
8.45  -1.25 5.4686E-5
8.45  -1.2  2.0847E-5
8.45  -0.25 2.0124E-5
8.45  -0.2  1.265E-5
8.45  -0.1  1.1749E-4
8.45  -0.05 3.3733E-4
8.45  0 4.6542E-4
8.45  0.05  3.4155E-4
8.45  0.1 1.137E-4
8.45  0.2 1.2883E-5
8.45  0.25  1.9934E-5
8.45  0.4 8.8071E-6
8.45  1.2 2.1158E-5
8.45  1.25  5.4863E-5
8.45  1.3 6.4997E-5
8.45  1.35  4.0337E-5
8.45  1.4 1.1836E-5
8.5 -1.35 1.3687E-5
8.5 -1.3  2.1733E-5
8.5 -1.25 1.8695E-5
8.5 -0.1  4.1093E-5
8.5 -0.05 1.1757E-4
8.5 0 1.5815E-4
8.5 0.05  1.1805E-4
8.5 0.1 4.0259E-5
8.5 1.25  1.9011E-5
8.5 1.3 2.1978E-5
8.5 1.35  1.4151E-5
8.6 -1.3  1.1325E-5
8.6 -1.25 9.7656E-6
8.6 -0.1  1.8296E-5
8.6 -0.05 5.9114E-5
8.6 0 8.1975E-5
8.6 0.05  6.1193E-5
8.6 0.1 2.0734E-5
8.6 1.25  9.6057E-6
8.6 1.3 1.1368E-5
8.65  -1.35 1.4327E-5
8.65  -1.3  2.3198E-5
8.65  -1.25 2.0117E-5
8.65  -0.1  3.9631E-5
8.65  -0.05 1.2173E-4
8.65  0 1.6893E-4
8.65  0.05  1.251E-4
8.65  0.1 4.3186E-5
8.65  1.25  1.9695E-5
8.65  1.3 2.359E-5
8.65  1.35  1.4834E-5
8.7 -1.35 9.5446E-6
8.7 -1.3  1.5653E-5
8.7 -1.25 1.3681E-5
8.7 -0.1  2.6052E-5
8.7 -0.05 8.1702E-5
8.7 0 1.1297E-4
8.7 0.05  8.4223E-5
8.7 0.1 2.9671E-5
8.7 1.25  1.3233E-5
8.7 1.3 1.5783E-5
8.7 1.35  9.9986E-6
8.75  -0.05 1.036E-5
8.75  0 1.5566E-5
8.75  0.05  1.1768E-5
8.8 -0.05 1.5012E-5
8.8 0 2.0066E-5
8.8 0.05  1.3082E-5
8.85  -1.35 9.7872E-6
8.85  -1.3  1.5276E-5
8.85  -1.25 1.2807E-5
8.85  -0.1  2.8905E-5
8.85  -0.05 8.1836E-5
8.85  0 1.1153E-4
8.85  0.05  7.999E-5
8.85  0.1 2.5298E-5
8.85  1.25  1.3222E-5
8.85  1.3 1.544E-5
8.85  1.35  9.3285E-6
8.9 -1.3  2.2896E-5
8.9 -1.25 1.9287E-5
8.9 -0.1  4.2169E-5
8.9 -0.05 1.2347E-4
8.9 0 1.6642E-4
8.9 0.05  1.2074E-4
8.9 0.1 3.9889E-5
8.9 1.25  1.9868E-5
8.9 1.3 2.3032E-5
8.9 1.35  1.4238E-5
8.95  -0.1  3.4284E-5
8.95  -0.05 9.6545E-5
8.95  0 1.3061E-4
8.95  0.05  9.4904E-5
8.95  0.1 3.248E-5
8.95  1.25  1.5588E-5
8.95  1.3 1.8064E-5
8.95  1.35  1.1241E-5
9 -0.1  1.5222E-5
9 -0.05 4.2208E-5
9 0 5.5887E-5
9 0.05  4.0633E-5
9 0.1 1.429E-5
9.05  -0.05 1.0254E-5
9.05  0 1.3076E-5
9.05  0.05  9.0513E-6
-7.2  -1.35 4.7862E-6
-7.2  -1.3  7.4254E-6
-7.2  -1.25 6.2922E-6
-7.15 -1.35 1.0562E-5
-7.15 -1.3  1.6585E-5
-7.15 -1.25 1.4281E-5
-7.15 -1.2  5.7134E-6
-7.1  -1.35 1.2431E-5
-7.1  -1.3  1.9819E-5
-7.1  -1.25 1.6873E-5
-7.1  -1.2  6.6875E-6
-7.1  -0.25 6.8955E-6
-7.1  -0.2  3.9358E-6
-7.1  -0.1  3.7329E-5
-7.1  -0.05 1.0712E-4
-7.05 -1.35 7.6659E-6
-7.05 -1.3  1.2069E-5
-7.05 -1.25 1.0312E-5
-7.05 -1.2  4.0349E-6
-7.05 -0.25 4.183E-6
-7.05 -0.1  2.2913E-5
-7.05 -0.05 6.5487E-5
-7.05 0 8.8379E-5
-7.05 0.05  6.4586E-5
-7.05 0.1 2.2501E-5
-7.05 0.25  3.894E-6
-7  -0.05 1.0193E-5
-7  0 1.3475E-5
-7  0.05  9.5793E-6
-6.95 -0.05 8.0994E-6
-6.95 0 1.1349E-5
-6.95 0.05  8.735E-6
-6.9  -1.35 6.6109E-6
-6.9  -1.3  1.0506E-5
-6.9  -1.25 8.9601E-6
-6.9  -0.1  1.9132E-5
-6.9  -0.05 5.6299E-5
-6.9  0 7.6483E-5
-6.9  0.05  5.7103E-5
-6.9  0.1 1.9661E-5
-6.85 -1.35 9.1866E-6
-6.85 -1.3  1.46E-5
-6.85 -1.25 1.2594E-5
-6.85 -1.2  4.9308E-6
-6.85 -0.25 4.8385E-6
-6.85 -0.1  2.7316E-5
-6.85 -0.05 7.8238E-5
-6.85 0 1.0661E-4
-6.85 0.05  7.8355E-5
-6.85 0.1 2.7075E-5
-6.85 0.25  4.4494E-6
-6.85 1.2 4.9585E-6
-6.85 1.25  1.248E-5
-6.85 1.3 1.4674E-5
-6.85 1.35  9.1279E-6
-6.8  -1.35 4.4147E-6
-6.8  -1.3  6.8887E-6
-6.8  -1.25 5.8468E-6
-6.8  -0.1  1.3167E-5
-6.8  -0.05 3.7581E-5
-6.8  0 5.0158E-5
-6.8  0.05  3.6348E-5
-6.8  0.1 1.2318E-5
-6.8  1.25  5.9539E-6
-6.8  1.3 6.8998E-6
-6.8  1.35  4.2651E-6
-6.7  -1.35 5.7496E-6
-6.7  -1.3  9.5091E-6
-6.7  -1.25 8.3143E-6
-6.7  -0.1  1.5753E-5
-6.7  -0.05 4.8931E-5
-6.7  0 6.8269E-5
-6.7  0.05  5.1937E-5
-6.7  0.1 1.8377E-5
-6.7  0.25  4.0296E-6
-6.7  1.25  7.9667E-6
-6.7  1.3 9.3062E-6
-6.7  1.35  5.9299E-6
-6.65 -1.4  4.6673E-6
-6.65 -1.35 1.6319E-5
-6.65 -1.3  2.6643E-5
-6.65 -1.25 2.3124E-5
-6.65 -1.2  8.9995E-6
-6.65 -0.25 8.5577E-6
-6.65 -0.2  5.4835E-6
-6.65 -0.1  4.6406E-5
-6.65 -0.05 1.3856E-4
-6.65 0 1.9337E-4
-6.65 0.05  1.4353E-4
-6.65 0.1 5.0744E-5
-6.65 0.2 5.8095E-6
-6.65 0.25  1.0258E-5
-6.65 1.2 8.4884E-6
-6.65 1.25  2.208E-5
-6.65 1.3 2.6351E-5
-6.65 1.35  1.6703E-5
-6.65 1.4 5.0688E-6
-6.6  -1.4  4.5679E-6
-6.6  -1.35 1.605E-5
-6.6  -1.3  2.5792E-5
-6.6  -1.25 2.2246E-5
-6.6  -1.2  8.7459E-6
-6.6  -0.25 8.4639E-6
-6.6  -0.2  5.1332E-6
-6.6  -0.1  4.5365E-5
-6.6  -0.05 1.3621E-4
-6.6  0 1.8568E-4
-6.6  0.05  1.3729E-4
-6.6  0.1 4.7099E-5
-6.6  0.2 5.4169E-6
-6.6  0.25  9.6884E-6
-6.6  1.2 8.234E-6
-6.6  1.25  2.156E-5
-6.6  1.3 2.5268E-5
-6.6  1.35  1.6018E-5
-6.6  1.4 4.7133E-6
-6.55 -1.3  5.4486E-6
-6.55 -1.25 4.5707E-6
-6.55 -0.1  9.4455E-6
-6.55 -0.05 2.8229E-5
-6.55 0 3.9364E-5
-6.55 0.05  2.7864E-5
-6.55 0.1 9.7008E-6
-6.55 1.25  4.5386E-6
-6.55 1.3 5.2936E-6
-6.5  -1.35 5.1018E-6
-6.5  -1.3  9.283E-6
-6.5  -1.25 7.759E-6
-6.5  -0.1  1.3193E-5
-6.5  -0.05 4.2163E-5
-6.5  0 6.6957E-5
-6.5  0.05  4.754E-5
-6.5  0.1 1.5622E-5
-6.5  0.4 4.7368E-6
-6.5  0.45  4.5584E-6
-6.5  1.25  7.3676E-6
-6.5  1.3 8.9028E-6
-6.5  1.35  5.4917E-6
-6.45 -1.4  1.5148E-5
-6.45 -1.35 5.4458E-5
-6.45 -1.3  8.7328E-5
-6.45 -1.25 7.527E-5
-6.45 -1.2  2.9586E-5
-6.45 -1.1  5.8841E-6
-6.45 -1.05 9.9636E-6
-6.45 -0.9  1.119E-5
-6.45 -0.85 9.3735E-6
-6.45 -0.55 4.0291E-6
-6.45 -0.45 4.5072E-6
-6.45 -0.4  1.0017E-5
-6.45 -0.3  5.3871E-6
-6.45 -0.25 2.6222E-5
-6.45 -0.2  1.7901E-5
-6.45 -0.15 6.0571E-6
-6.45 -0.1  1.5094E-4
-6.45 -0.05 4.4628E-4
-6.45 0 6.3132E-4
-6.45 0.05  4.6261E-4
-6.45 0.1 1.566E-4
-6.45 0.15  6.4818E-6
-6.45 0.2 2.0282E-5
-6.45 0.25  3.1729E-5
-6.45 0.3 6.6131E-6
-6.45 0.35  4.9536E-6
-6.45 0.4 2.1848E-5
-6.45 0.45  1.6646E-5
-6.45 0.9 4.9444E-6
-6.45 1.05  8.021E-6
-6.45 1.1 5.001E-6
-6.45 1.2 2.7284E-5
-6.45 1.25  7.084E-5
-6.45 1.3 8.5364E-5
-6.45 1.35  5.3653E-5
-6.45 1.4 1.533E-5
-6.4  -1.4  4.0534E-5
-6.4  -1.35 1.4373E-4
-6.4  -1.3  2.3211E-4
-6.4  -1.25 2.0125E-4
-6.4  -1.2  7.8736E-5
-6.4  -1.1  1.5217E-5
-6.4  -1.05 2.6811E-5
-6.4  -1  5.838E-6
-6.4  -0.95 5.0205E-6
-6.4  -0.9  2.385E-5
-6.4  -0.85 1.9144E-5
-6.4  -0.7  5.0858E-6
-6.4  -0.6  1.1144E-5
-6.4  -0.55 1.1567E-5
-6.4  -0.45 1.2827E-5
-6.4  -0.4  2.7618E-5
-6.4  -0.35 6.7804E-6
-6.4  -0.3  1.398E-5
-6.4  -0.25 7.1338E-5
-6.4  -0.2  4.6154E-5
-6.4  -0.15 2.0018E-5
-6.4  -0.1  3.962E-4
-6.4  -0.05 0.0012
-6.4  0 0.0017
-6.4  0.05  0.0012
-6.4  0.1 4.2672E-4
-6.4  0.15  1.8923E-5
-6.4  0.2 5.3124E-5
-6.4  0.25  8.6409E-5
-6.4  0.3 1.8489E-5
-6.4  0.35  1.0331E-5
-6.4  0.4 4.7353E-5
-6.4  0.45  3.4263E-5
-6.4  0.6 6.1224E-6
-6.4  0.7 9.165E-6
-6.4  0.75  8.9797E-6
-6.4  0.85  6.6554E-6
-6.4  0.9 1.3506E-5
-6.4  1 4.1838E-6
-6.4  1.05  2.1417E-5
-6.4  1.1 1.2816E-5
-6.4  1.2 7.1551E-5
-6.4  1.25  1.9182E-4
-6.4  1.3 2.266E-4
-6.4  1.35  1.437E-4
-6.4  1.4 4.2818E-5
-6.4  1.55  4.2355E-6
-6.4  2.55  5.3165E-6
-6.4  2.6 7.7292E-6
-6.4  2.65  5.8503E-6
-6.35 -1.55 5.5738E-6
-6.35 -1.5  4.1937E-6
-6.35 -1.4  6.5452E-5
-6.35 -1.35 2.2616E-4
-6.35 -1.3  3.6961E-4
-6.35 -1.25 3.1907E-4
-6.35 -1.2  1.2419E-4
-6.35 -1.15 5.8921E-6
-6.35 -1.1  2.4097E-5
-6.35 -1.05 4.2064E-5
-6.35 -1  9.843E-6
-6.35 -0.95 6.6122E-6
-6.35 -0.9  3.4614E-5
-6.35 -0.85 2.6265E-5
-6.35 -0.75 5.6847E-6
-6.35 -0.7  1.0045E-5
-6.35 -0.65 7.4645E-6
-6.35 -0.6  1.9794E-5
-6.35 -0.55 1.9888E-5
-6.35 -0.45 2.1212E-5
-6.35 -0.4  4.507E-5
-6.35 -0.35 1.064E-5
-6.35 -0.3  2.3053E-5
-6.35 -0.25 1.1208E-4
-6.35 -0.2  7.2648E-5
-6.35 -0.15 2.9738E-5
-6.35 -0.1  6.4251E-4
-6.35 -0.05 0.0019
-6.35 0 0.0027
-6.35 0.05  0.002
-6.35 0.1 6.8414E-4
-6.35 0.15  3.0559E-5
-6.35 0.2 8.3226E-5
-6.35 0.25  1.3429E-4
-6.35 0.3 2.9862E-5
-6.35 0.35  1.2973E-5
-6.35 0.4 6.7693E-5
-6.35 0.45  4.715E-5
-6.35 0.5 4.0749E-6
-6.35 0.55  7.3648E-6
-6.35 0.6 1.1787E-5
-6.35 0.65  6.9613E-6
-6.35 0.7 1.6409E-5
-6.35 0.75  1.5176E-5
-6.35 0.85  1.078E-5
-6.35 0.9 2.2266E-5
-6.35 0.95  5.2532E-6
-6.35 1 7.2539E-6
-6.35 1.05  3.4074E-5
-6.35 1.1 2.0442E-5
-6.35 1.15  5.903E-6
-6.35 1.2 1.1473E-4
-6.35 1.25  3.0187E-4
-6.35 1.3 3.5843E-4
-6.35 1.35  2.2577E-4
-6.35 1.4 6.7191E-5
-6.35 1.5 4.669E-6
-6.35 1.55  6.5332E-6
-6.35 2.55  8.4929E-6
-6.35 2.6 1.2157E-5
-6.35 2.65  9.1331E-6
-6.3  -1.55 6.266E-6
-6.3  -1.5  4.4969E-6
-6.3  -1.4  7.1052E-5
-6.3  -1.35 2.5025E-4
-6.3  -1.3  4.0436E-4
-6.3  -1.25 3.4974E-4
-6.3  -1.2  1.3631E-4
-6.3  -1.15 7.1801E-6
-6.3  -1.1  2.5846E-5
-6.3  -1.05 4.6307E-5
-6.3  -1  1.0873E-5
-6.3  -0.95 6.8631E-6
-6.3  -0.9  3.5071E-5
-6.3  -0.85 2.6928E-5
-6.3  -0.75 8.3708E-6
-6.3  -0.7  1.3671E-5
-6.3  -0.65 1.0536E-5
-6.3  -0.6  2.4386E-5
-6.3  -0.55 2.2608E-5
-6.3  -0.45 2.3544E-5
-6.3  -0.4  4.9585E-5
-6.3  -0.35 1.2632E-5
-6.3  -0.3  2.402E-5
-6.3  -0.25 1.2342E-4
-6.3  -0.2  7.7719E-5
-6.3  -0.15 3.3332E-5
-6.3  -0.1  6.9714E-4
-6.3  -0.05 0.0021
-6.3  0 0.0029
-6.3  0.05  0.0022
-6.3  0.1 7.367E-4
-6.3  0.15  4.0991E-5
-6.3  0.2 8.831E-5
-6.3  0.25  1.4895E-4
-6.3  0.3 3.3286E-5
-6.3  0.35  1.4084E-5
-6.3  0.4 6.953E-5
-6.3  0.45  4.8034E-5
-6.3  0.5 5.0299E-6
-6.3  0.55  1.0659E-5
-6.3  0.6 1.5967E-5
-6.3  0.65  1.003E-5
-6.3  0.7 2.0036E-5
-6.3  0.75  1.7507E-5
-6.3  0.85  1.2185E-5
-6.3  0.9 2.411E-5
-6.3  0.95  6.003E-6
-6.3  1 7.4584E-6
-6.3  1.05  3.7243E-5
-6.3  1.1 2.2166E-5
-6.3  1.15  5.6236E-6
-6.3  1.2 1.2646E-4
-6.3  1.25  3.3036E-4
-6.3  1.3 3.9236E-4
-6.3  1.35  2.483E-4
-6.3  1.4 7.28E-5
-6.3  1.5 4.9963E-6
-6.3  1.55  7.214E-6
-6.3  2.55  9.2938E-6
-6.3  2.6 1.3355E-5
-6.3  2.65  1.0043E-5
-6.25 -1.55 4.9039E-6
-6.25 -1.4  5.8789E-5
-6.25 -1.35 1.9905E-4
-6.25 -1.3  3.244E-4
-6.25 -1.25 2.7921E-4
-6.25 -1.2  1.0968E-4
-6.25 -1.15 5.4918E-6
-6.25 -1.1  2.0428E-5
-6.25 -1.05 3.6386E-5
-6.25 -1  9.2714E-6
-6.25 -0.95 4.821E-6
-6.25 -0.9  2.6724E-5
-6.25 -0.85 2.0352E-5
-6.25 -0.75 9.062E-6
-6.25 -0.7  1.3607E-5
-6.25 -0.65 1.1439E-5
-6.25 -0.6  2.1301E-5
-6.25 -0.55 1.9054E-5
-6.25 -0.45 1.9296E-5
-6.25 -0.4  4.0311E-5
-6.25 -0.35 9.7284E-6
-6.25 -0.3  1.9737E-5
-6.25 -0.25 9.7391E-5
-6.25 -0.2  6.2105E-5
-6.25 -0.15 2.9966E-5
-6.25 -0.1  5.6005E-4
-6.25 -0.05 0.0017
-6.25 0 0.0023
-6.25 0.05  0.0017
-6.25 0.1 5.9177E-4
-6.25 0.15  2.5772E-5
-6.25 0.2 6.947E-5
-6.25 0.25  1.1423E-4
-6.25 0.3 2.7404E-5
-6.25 0.35  9.438E-6
-6.25 0.4 5.2203E-5
-6.25 0.45  3.64E-5
-6.25 0.5 4.8512E-6
-6.25 0.55  1.16E-5
-6.25 0.6 1.5541E-5
-6.25 0.65  1.0548E-5
-6.25 0.7 1.7681E-5
-6.25 0.75  1.4502E-5
-6.25 0.85  9.8894E-6
-6.25 0.9 1.9766E-5
-6.25 0.95  4.7807E-6
-6.25 1 6.2054E-6
-6.25 1.05  2.9633E-5
-6.25 1.1 1.7277E-5
-6.25 1.15  5.0147E-6
-6.25 1.2 1.0051E-4
-6.25 1.25  2.6482E-4
-6.25 1.3 3.1174E-4
-6.25 1.35  1.9595E-4
-6.25 1.4 5.8301E-5
-6.25 1.5 3.8884E-6
-6.25 1.55  5.5568E-6
-6.25 2.55  7.4188E-6
-6.25 2.6 1.0561E-5
-6.25 2.65  7.9241E-6
-6.2  -1.4  3.2495E-5
-6.2  -1.35 1.1202E-4
-6.2  -1.3  1.8068E-4
-6.2  -1.25 1.576E-4
-6.2  -1.2  6.13E-5
-6.2  -1.1  1.1098E-5
-6.2  -1.05 2.0248E-5
-6.2  -1  4.9814E-6
-6.2  -0.9  1.4074E-5
-6.2  -0.85 1.0874E-5
-6.2  -0.75 7.2009E-6
-6.2  -0.7  1.0181E-5
-6.2  -0.65 8.2374E-6
-6.2  -0.6  1.31E-5
-6.2  -0.55 1.0947E-5
-6.2  -0.45 1.1112E-5
-6.2  -0.4  2.2081E-5
-6.2  -0.35 5.5057E-6
-6.2  -0.3  1.1377E-5
-6.2  -0.25 5.529E-5
-6.2  -0.2  3.47E-5
-6.2  -0.15 1.7588E-5
-6.2  -0.1  3.1737E-4
-6.2  -0.05 9.3982E-4
-6.2  0 0.0013
-6.2  0.05  9.6645E-4
-6.2  0.1 3.3099E-4
-6.2  0.15  1.9367E-5
-6.2  0.2 3.7666E-5
-6.2  0.25  6.4671E-5
-6.2  0.3 1.5217E-5
-6.2  0.35  5.6907E-6
-6.2  0.4 2.7862E-5
-6.2  0.45  1.9448E-5
-6.2  0.5 4.226E-6
-6.2  0.55  9.0787E-6
-6.2  0.6 1.1525E-5
-6.2  0.65  7.8107E-6
-6.2  0.7 1.0794E-5
-6.2  0.75  8.6568E-6
-6.2  0.85  5.7115E-6
-6.2  0.9 1.0701E-5
-6.2  1.05  1.6558E-5
-6.2  1.1 9.6229E-6
-6.2  1.2 5.7067E-5
-6.2  1.25  1.4712E-4
-6.2  1.3 1.7436E-4
-6.2  1.35  1.1046E-4
-6.2  1.4 3.2748E-5
-6.2  2.55  4.1119E-6
-6.2  2.6 5.9331E-6
-6.2  2.65  4.473E-6
-6.15 -1.4  1.1105E-5
-6.15 -1.35 3.8894E-5
-6.15 -1.3  6.3299E-5
-6.15 -1.25 5.3973E-5
-6.15 -1.2  2.1907E-5
-6.15 -1.05 6.5875E-6
-6.15 -0.9  4.6264E-6
-6.15 -0.75 4.2578E-6
-6.15 -0.7  5.3296E-6
-6.15 -0.65 4.1088E-6
-6.15 -0.6  5.0334E-6
-6.15 -0.55 4.0194E-6
-6.15 -0.45 4.1761E-6
-6.15 -0.4  7.7927E-6
-6.15 -0.3  4.6577E-6
-6.15 -0.25 1.9666E-5
-6.15 -0.2  1.2065E-5
-6.15 -0.15 5.0971E-6
-6.15 -0.1  1.124E-4
-6.15 -0.05 3.2667E-4
-6.15 0 4.5015E-4
-6.15 0.05  3.3925E-4
-6.15 0.1 1.1707E-4
-6.15 0.15  5.2982E-6
-6.15 0.2 1.2686E-5
-6.15 0.25  2.0842E-5
-6.15 0.3 5.164E-6
-6.15 0.4 9.039E-6
-6.15 0.45  6.4005E-6
-6.15 0.55  5.3139E-6
-6.15 0.6 5.9824E-6
-6.15 0.65  3.8917E-6
-6.15 0.7 4.1972E-6
-6.15 1.05  5.9829E-6
-6.15 1.2 1.9857E-5
-6.15 1.25  5.1418E-5
-6.15 1.3 6.0671E-5
-6.15 1.35  3.8815E-5
-6.15 1.4 1.136E-5
-6.1  -1.35 4.8079E-6
-6.1  -1.3  7.9538E-6
-6.1  -1.25 6.4065E-6
-6.1  -0.1  1.3414E-5
-6.1  -0.05 4.0537E-5
-6.1  0 5.5062E-5
-6.1  0.05  4.0014E-5
-6.1  0.1 1.3599E-5
-6.1  1.25  6.4256E-6
-6.1  1.3 7.6736E-6
-6.1  1.35  4.6005E-6
-6.05 -0.05 4.9287E-6
-6.05 0 7.3624E-6
-6.05 0.05  5.1557E-6
-6  -1.35 4.7084E-6
-6  -1.3  7.6831E-6
-6  -1.25 6.8757E-6
-6  -0.1  1.3759E-5
-6  -0.05 3.9084E-5
-6  0 5.4478E-5
-6  0.05  4.1808E-5
-6  0.1 1.499E-5
-6  1.25  6.1097E-6
-6  1.3 7.3001E-6
-6  1.35  4.7227E-6
-5.95 -1.35 5.2936E-6
-5.95 -1.3  8.5751E-6
-5.95 -1.25 7.5888E-6
-5.95 -0.1  1.5795E-5
-5.95 -0.05 4.4118E-5
-5.95 0 6.0706E-5
-5.95 0.05  4.6156E-5
-5.95 0.1 1.7281E-5
-5.95 1.25  6.8569E-6
-5.95 1.3 8.0603E-6
-5.95 1.35  5.2261E-6
-5.9  -1.3  4.1366E-6
-5.9  -0.1  8.5907E-6
-5.9  -0.05 2.1855E-5
-5.9  0 2.9642E-5
-5.9  0.05  2.284E-5
-5.9  0.1 8.6896E-6
-5.9  1.3 3.9464E-6
-5.85 -0.05 4.594E-6
-5.85 0 5.6413E-6
-5.85 0.05  4.4127E-6
-5.5  0 4.625E-6
-5.5  0.05  3.8923E-6
-5.45 -0.05 5.5984E-6
-5.45 0 8.2672E-6
-5.45 0.05  6.7427E-6
-5.4  -0.05 4.9624E-6
-5.4  0 7.2685E-6
-5.4  0.05  5.8091E-6
-4.9  -0.05 5.1531E-6
-4.9  0 6.8821E-6
-4.9  0.05  4.9199E-6
-4.85 -0.05 8.5387E-6
-4.85 0 1.1312E-5
-4.85 0.05  7.9914E-6
-4.8  -0.05 6.9952E-6
-4.8  0 9.1604E-6
-4.8  0.05  6.3556E-6
-4.65 -0.05 9.4621E-6
-4.65 0 1.3498E-5
-4.65 0.05  1.0316E-5
-4.6  -0.1  4.3815E-6
-4.6  -0.05 1.3409E-5
-4.6  0 1.8576E-5
-4.6  0.05  1.3746E-5
-4.6  0.1 4.7195E-6
-4.55 -0.05 7.6993E-6
-4.55 0 1.0597E-5
-4.55 0.05  7.7657E-6
-4.5  0 4.5899E-6
-4.45 -0.05 1.0949E-5
-4.45 0 1.5514E-5
-4.45 0.05  1.1753E-5
-4.45 0.1 3.9697E-6
-4.4  -1.3  4.184E-6
-4.4  -0.1  6.7377E-6
-4.4  -0.05 2.127E-5
-4.4  0 2.956E-5
-4.4  0.05  2.1756E-5
-4.4  0.1 7.2377E-6
-4.4  1.3 3.8941E-6
-4.35 -0.1  5.2134E-6
-4.35 -0.05 1.6196E-5
-4.35 0 2.2482E-5
-4.35 0.05  1.6305E-5
-4.35 0.1 5.2431E-6
-4.25 -0.05 4.598E-6
-4.25 0 6.9961E-6
-4.25 0.05  5.4673E-6
-4.2  -1.3  5.0658E-6
-4.2  -1.25 4.3991E-6
-4.2  -0.1  7.9654E-6
-4.2  -0.05 2.5164E-5
-4.2  0 3.5664E-5
-4.2  0.05  2.6744E-5
-4.2  0.1 9.116E-6
-4.2  1.3 4.6764E-6
-4.15 -1.35 4.1984E-6
-4.15 -1.3  6.9128E-6
-4.15 -1.25 6.0205E-6
-4.15 -0.1  1.082E-5
-4.15 -0.05 3.4651E-5
-4.15 0 4.9039E-5
-4.15 0.05  3.6265E-5
-4.15 0.1 1.2162E-5
-4.15 1.25  5.253E-6
-4.15 1.3 6.4326E-6
-4.15 1.35  4.0346E-6
-4.1  -0.1  5.3912E-6
-4.1  -0.05 1.7345E-5
-4.1  0 2.4615E-5
-4.1  0.05  1.8508E-5
-4.1  0.1 5.8623E-6
-4  -0.1  4.3361E-6
-4  -0.05 1.3469E-5
-4  0 1.8715E-5
-4  0.05  1.4243E-5
-4  0.1 4.8682E-6
-3.95 -1.35 4.2217E-6
-3.95 -1.3  6.8827E-6
-3.95 -1.25 5.8894E-6
-3.95 -0.1  1.1061E-5
-3.95 -0.05 3.4692E-5
-3.95 0 4.8503E-5
-3.95 0.05  3.5441E-5
-3.95 0.1 1.1876E-5
-3.95 1.25  5.2563E-6
-3.95 1.3 6.2915E-6
-3.95 1.35  3.9421E-6
-3.9  -1.3  5.7594E-6
-3.9  -1.25 4.906E-6
-3.9  -0.1  8.9559E-6
-3.9  -0.05 2.9105E-5
-3.9  0 4.0227E-5
-3.9  0.05  2.9559E-5
-3.9  0.1 9.405E-6
-3.9  1.25  4.322E-6
-3.9  1.3 5.2199E-6
-3.85 -0.05 6.5315E-6
-3.85 0 9.4608E-6
-3.85 0.05  6.9097E-6
-3.8  -0.05 3.9467E-6
-3.8  0 5.5474E-6
-3.8  0.05  4.16E-6
-3.75 -0.05 1.1713E-5
-3.75 0 1.6906E-5
-3.75 0.05  1.2293E-5
-3.75 0.1 3.8817E-6
-3.7  -0.05 4.7519E-6
-3.7  0 5.94E-6
-3.7  0.05  4.0705E-6
-3.65 -1.35 6.0656E-6
-3.65 -1.3  8.917E-6
-3.65 -1.25 7.5053E-6
-3.65 -0.1  1.8549E-5
-3.65 -0.05 4.8885E-5
-3.65 0 6.1327E-5
-3.65 0.05  4.4774E-5
-3.65 0.1 1.671E-5
-3.65 1.25  7.2465E-6
-3.65 1.3 7.9112E-6
-3.65 1.35  4.9315E-6
-3.6  -1.4  1.0009E-5
-3.6  -1.35 3.251E-5
-3.6  -1.3  5.0579E-5
-3.6  -1.25 4.3004E-5
-3.6  -1.2  1.7002E-5
-3.6  -1.05 4.3914E-6
-3.6  -0.6  4.9459E-6
-3.6  -0.45 3.9193E-6
-3.6  -0.4  6.0971E-6
-3.6  -0.3  4.7844E-6
-3.6  -0.25 1.7576E-5
-3.6  -0.2  8.5532E-6
-3.6  -0.15 6.5355E-6
-3.6  -0.1  9.5325E-5
-3.6  -0.05 2.6458E-4
-3.6  0 3.4843E-4
-3.6  0.05  2.5388E-4
-3.6  0.1 8.8559E-5
-3.6  0.15  6.3101E-6
-3.6  0.2 6.5923E-6
-3.6  0.25  1.3433E-5
-3.6  0.7 3.9734E-6
-3.6  1.05  5.0421E-6
-3.6  1.2 1.6727E-5
-3.6  1.25  3.9319E-5
-3.6  1.3 4.4532E-5
-3.6  1.35  2.7674E-5
-3.6  1.4 8.2506E-6
-3.55 -1.4  2.2563E-5
-3.55 -1.35 7.3816E-5
-3.55 -1.3  1.1613E-4
-3.55 -1.25 9.743E-5
-3.55 -1.2  3.8327E-5
-3.55 -1.1  5.6905E-6
-3.55 -1.05 1.0532E-5
-3.55 -0.9  5.9864E-6
-3.55 -0.85 4.0666E-6
-3.55 -0.6  8.9672E-6
-3.55 -0.55 7.0566E-6
-3.55 -0.45 8.3358E-6
-3.55 -0.4  1.4949E-5
-3.55 -0.3  9.7241E-6
-3.55 -0.25 3.8708E-5
-3.55 -0.2  2.1687E-5
-3.55 -0.15 1.2069E-5
-3.55 -0.1  2.1341E-4
-3.55 -0.05 5.9999E-4
-3.55 0 7.9995E-4
-3.55 0.05  5.81E-4
-3.55 0.1 1.9977E-4
-3.55 0.15  9.5089E-6
-3.55 0.2 1.8448E-5
-3.55 0.25  3.206E-5
-3.55 0.3 7.6569E-6
-3.55 0.4 1.1261E-5
-3.55 0.45  7.1009E-6
-3.55 0.7 7.1906E-6
-3.55 0.75  5.1647E-6
-3.55 0.85  4.1581E-6
-3.55 0.9 6.9402E-6
-3.55 1.05  1.1293E-5
-3.55 1.1 5.7413E-6
-3.55 1.2 3.6071E-5
-3.55 1.25  8.9235E-5
-3.55 1.3 1.0163E-4
-3.55 1.35  6.3246E-5
-3.55 1.4 1.8423E-5
-3.5  -1.4  2.7158E-5
-3.5  -1.35 9.2459E-5
-3.5  -1.3  1.4508E-4
-3.5  -1.25 1.2333E-4
-3.5  -1.2  4.7532E-5
-3.5  -1.1  7.6937E-6
-3.5  -1.05 1.3876E-5
-3.5  -0.9  8.1343E-6
-3.5  -0.85 5.0292E-6
-3.5  -0.6  1.0198E-5
-3.5  -0.55 8.8094E-6
-3.5  -0.45 1.059E-5
-3.5  -0.4  1.9321E-5
-3.5  -0.35 4.038E-6
-3.5  -0.3  1.0564E-5
-3.5  -0.25 4.8445E-5
-3.5  -0.2  2.8173E-5
-3.5  -0.15 1.4067E-5
-3.5  -0.1  2.5955E-4
-3.5  -0.05 7.4535E-4
-3.5  0 9.9934E-4
-3.5  0.05  7.302E-4
-3.5  0.1 2.4686E-4
-3.5  0.15  1.4764E-5
-3.5  0.2 2.5049E-5
-3.5  0.25  4.2561E-5
-3.5  0.3 9.2921E-6
-3.5  0.4 1.5554E-5
-3.5  0.45  8.7743E-6
-3.5  0.7 8.098E-6
-3.5  0.75  6.4766E-6
-3.5  0.85  5.2564E-6
-3.5  0.9 8.9444E-6
-3.5  1.05  1.3834E-5
-3.5  1.1 7.5992E-6
-3.5  1.2 4.4204E-5
-3.5  1.25  1.1038E-4
-3.5  1.3 1.2752E-4
-3.5  1.35  7.8971E-5
-3.5  1.4 2.3033E-5
-3.5  2.6 4.0133E-6
-3.45 -1.4  1.805E-5
-3.45 -1.35 6.1716E-5
-3.45 -1.3  9.7614E-5
-3.45 -1.25 8.2225E-5
-3.45 -1.2  3.2055E-5
-3.45 -1.1  5.4256E-6
-3.45 -1.05 9.3644E-6
-3.45 -0.9  5.7106E-6
-3.45 -0.6  6.9171E-6
-3.45 -0.55 5.8695E-6
-3.45 -0.45 7.2893E-6
-3.45 -0.4  1.4254E-5
-3.45 -0.3  7.0859E-6
-3.45 -0.25 3.2286E-5
-3.45 -0.2  1.9481E-5
-3.45 -0.15 9.1726E-6
-3.45 -0.1  1.7245E-4
-3.45 -0.05 4.973E-4
-3.45 0 6.6691E-4
-3.45 0.05  4.8427E-4
-3.45 0.1 1.6557E-4
-3.45 0.15  5.8857E-6
-3.45 0.2 1.7898E-5
-3.45 0.25  2.8412E-5
-3.45 0.3 6.1685E-6
-3.45 0.4 1.0716E-5
-3.45 0.45  5.9787E-6
-3.45 0.7 5.556E-6
-3.45 0.75  4.3499E-6
-3.45 0.9 6.4995E-6
-3.45 1.05  9.3295E-6
-3.45 1.1 5.2691E-6
-3.45 1.2 2.8202E-5
-3.45 1.25  7.3656E-5
-3.45 1.3 8.4624E-5
-3.45 1.35  5.2452E-5
-3.45 1.4 1.5094E-5
-3.4  -1.35 1.1262E-5
-3.4  -1.3  1.8095E-5
-3.4  -1.25 1.523E-5
-3.4  -1.2  5.5422E-6
-3.4  -0.25 6.3821E-6
-3.4  -0.1  3.1327E-5
-3.4  -0.05 9.4658E-5
-3.4  0 1.2218E-4
-3.4  0.05  8.8607E-5
-3.4  0.1 3.1433E-5
-3.4  0.25  5.6488E-6
-3.4  1.2 5.1735E-6
-3.4  1.25  1.3826E-5
-3.4  1.3 1.562E-5
-3.4  1.35  9.5952E-6
-3.35 -1.35 6.7716E-6
-3.35 -1.3  1.0096E-5
-3.35 -1.25 8.7224E-6
-3.35 -0.1  1.6522E-5
-3.35 -0.05 5.2891E-5
-3.35 0 6.8246E-5
-3.35 0.05  5.2393E-5
-3.35 0.1 1.9033E-5
-3.35 1.25  7.7957E-6
-3.35 1.3 8.5366E-6
-3.35 1.35  5.4054E-6
-3.3  -1.4  1.5729E-5
-3.3  -1.35 5.5437E-5
-3.3  -1.3  8.7013E-5
-3.3  -1.25 7.4215E-5
-3.3  -1.2  2.7873E-5
-3.3  -1.1  5.1089E-6
-3.3  -1.05 8.463E-6
-3.3  -0.9  5.5592E-6
-3.3  -0.75 4.6786E-6
-3.3  -0.6  3.9871E-6
-3.3  -0.55 5.6516E-6
-3.3  -0.45 3.9769E-6
-3.3  -0.4  9.3498E-6
-3.3  -0.3  5.4819E-6
-3.3  -0.25 2.7134E-5
-3.3  -0.2  1.6384E-5
-3.3  -0.15 6.8013E-6
-3.3  -0.1  1.4864E-4
-3.3  -0.05 4.3793E-4
-3.3  0 5.9488E-4
-3.3  0.05  4.3526E-4
-3.3  0.1 1.4747E-4
-3.3  0.15  7.7195E-6
-3.3  0.2 1.6195E-5
-3.3  0.25  2.5388E-5
-3.3  0.3 4.4063E-6
-3.3  0.4 1.0581E-5
-3.3  0.45  4.4133E-6
-3.3  0.55  5.5317E-6
-3.3  0.6 4.1857E-6
-3.3  0.75  4.0601E-6
-3.3  0.9 4.2724E-6
-3.3  1.05  7.6401E-6
-3.3  1.1 4.3416E-6
-3.3  1.2 2.496E-5
-3.3  1.25  6.4596E-5
-3.3  1.3 7.5063E-5
-3.3  1.35  4.6218E-5
-3.3  1.4 1.3679E-5
-3.25 -1.4  2.5137E-5
-3.25 -1.35 8.6093E-5
-3.25 -1.3  1.3684E-4
-3.25 -1.25 1.1479E-4
-3.25 -1.2  4.3846E-5
-3.25 -1.1  8.081E-6
-3.25 -1.05 1.3089E-5
-3.25 -0.9  8.5786E-6
-3.25 -0.85 4.0666E-6
-3.25 -0.75 5.8581E-6
-3.25 -0.7  4.3402E-6
-3.25 -0.6  7.2213E-6
-3.25 -0.55 8.9852E-6
-3.25 -0.45 6.7894E-6
-3.25 -0.4  1.6317E-5
-3.25 -0.3  9.1324E-6
-3.25 -0.25 4.2579E-5
-3.25 -0.2  2.6059E-5
-3.25 -0.15 1.1871E-5
-3.25 -0.1  2.3359E-4
-3.25 -0.05 6.8887E-4
-3.25 0 9.2501E-4
-3.25 0.05  6.6932E-4
-3.25 0.1 2.235E-4
-3.25 0.15  8.5056E-6
-3.25 0.2 2.6002E-5
-3.25 0.25  3.9422E-5
-3.25 0.3 7.4553E-6
-3.25 0.35  4.1536E-6
-3.25 0.4 1.6132E-5
-3.25 0.45  7.2651E-6
-3.25 0.55  6.8149E-6
-3.25 0.6 4.8422E-6
-3.25 0.7 5.5977E-6
-3.25 0.75  6.379E-6
-3.25 0.9 7.3024E-6
-3.25 1.05  1.2225E-5
-3.25 1.1 6.8542E-6
-3.25 1.2 3.8912E-5
-3.25 1.25  1.0089E-4
-3.25 1.3 1.1561E-4
-3.25 1.35  7.1714E-5
-3.25 1.4 2.0259E-5
-3.2  -1.4  1.3376E-5
-3.2  -1.35 4.6243E-5
-3.2  -1.3  7.3375E-5
-3.2  -1.25 6.2424E-5
-3.2  -1.2  2.3919E-5
-3.2  -1.1  4.4966E-6
-3.2  -1.05 7.4347E-6
-3.2  -0.9  4.6266E-6
-3.2  -0.6  4.3847E-6
-3.2  -0.55 5.1139E-6
-3.2  -0.45 3.8703E-6
-3.2  -0.4  8.7555E-6
-3.2  -0.3  4.572E-6
-3.2  -0.25 2.2546E-5
-3.2  -0.2  1.3636E-5
-3.2  -0.15 5.837E-6
-3.2  -0.1  1.2383E-4
-3.2  -0.05 3.6713E-4
-3.2  0 4.9926E-4
-3.2  0.05  3.5947E-4
-3.2  0.1 1.2026E-4
-3.2  0.15  5.8544E-6
-3.2  0.2 1.4376E-5
-3.2  0.25  2.1769E-5
-3.2  0.3 4.4296E-6
-3.2  0.4 8.8261E-6
-3.2  0.45  4.2375E-6
-3.2  0.9 3.9796E-6
-3.2  1.05  6.33E-6
-3.2  1.2 2.0831E-5
-3.2  1.25  5.3458E-5
-3.2  1.3 6.2593E-5
-3.2  1.35  3.8095E-5
-3.2  1.4 1.1123E-5
-3.15 -0.05 6.3016E-6
-3.15 0 1.3587E-5
-3.15 0.05  7.6677E-6
-3.1  -1.4  1.5892E-5
-3.1  -1.35 5.5283E-5
-3.1  -1.3  9.2232E-5
-3.1  -1.25 7.8364E-5
-3.1  -1.2  2.9097E-5
-3.1  -1.1  5.6735E-6
-3.1  -1.05 8.9109E-6
-3.1  -0.9  6.2755E-6
-3.1  -0.75 6.0721E-6
-3.1  -0.7  5.1978E-6
-3.1  -0.6  4.2007E-6
-3.1  -0.55 5.9172E-6
-3.1  -0.45 4.7773E-6
-3.1  -0.4  1.2071E-5
-3.1  -0.3  5.2633E-6
-3.1  -0.25 2.823E-5
-3.1  -0.2  2.0573E-5
-3.1  -0.15 4.1157E-6
-3.1  -0.1  1.5034E-4
-3.1  -0.05 4.4155E-4
-3.1  0 6.1821E-4
-3.1  0.05  4.5026E-4
-3.1  0.1 1.4696E-4
-3.1  0.15  5.6637E-6
-3.1  0.2 1.7562E-5
-3.1  0.25  2.6541E-5
-3.1  0.3 5.2681E-6
-3.1  0.4 1.1661E-5
-3.1  0.45  4.3141E-6
-3.1  0.55  7.1591E-6
-3.1  0.6 5.4629E-6
-3.1  0.75  4.1607E-6
-3.1  0.9 5.3968E-6
-3.1  1.05  8.2376E-6
-3.1  1.1 5.3003E-6
-3.1  1.2 2.5135E-5
-3.1  1.25  6.6819E-5
-3.1  1.3 7.7477E-5
-3.1  1.35  4.7293E-5
-3.1  1.4 1.3193E-5
-3.05 -1.55 4.9697E-6
-3.05 -1.4  5.289E-5
-3.05 -1.35 1.83E-4
-3.05 -1.3  2.9475E-4
-3.05 -1.25 2.4864E-4
-3.05 -1.2  9.2566E-5
-3.05 -1.1  1.8296E-5
-3.05 -1.05 2.8544E-5
-3.05 -1  5.1219E-6
-3.05 -0.95 5.3021E-6
-3.05 -0.9  1.9659E-5
-3.05 -0.85 8.6208E-6
-3.05 -0.75 1.581E-5
-3.05 -0.7  1.2348E-5
-3.05 -0.6  1.4843E-5
-3.05 -0.55 1.9584E-5
-3.05 -0.45 1.5929E-5
-3.05 -0.4  3.8985E-5
-3.05 -0.35 1.0217E-5
-3.05 -0.3  1.7401E-5
-3.05 -0.25 9.3006E-5
-3.05 -0.2  6.1303E-5
-3.05 -0.15 2.3541E-5
-3.05 -0.1  4.8099E-4
-3.05 -0.05 0.0014
-3.05 0 0.002
-3.05 0.05  0.0014
-3.05 0.1 4.7617E-4
-3.05 0.15  1.7725E-5
-3.05 0.2 5.8364E-5
-3.05 0.25  8.5942E-5
-3.05 0.3 1.469E-5
-3.05 0.35  1.0219E-5
-3.05 0.4 3.628E-5
-3.05 0.45  1.5014E-5
-3.05 0.55  1.8144E-5
-3.05 0.6 1.3344E-5
-3.05 0.7 1.1263E-5
-3.05 0.75  1.3744E-5
-3.05 0.85  7.5963E-6
-3.05 0.9 1.7295E-5
-3.05 0.95  4.4949E-6
-3.05 1 4.9828E-6
-3.05 1.05  2.5826E-5
-3.05 1.1 1.553E-5
-3.05 1.2 7.8959E-5
-3.05 1.25  2.0797E-4
-3.05 1.3 2.4336E-4
-3.05 1.35  1.5158E-4
-3.05 1.4 4.2338E-5
-3.05 1.55  3.8898E-6
-3.05 2.55  5.2096E-6
-3.05 2.6 7.394E-6
-3.05 2.65  5.4785E-6
-3  -1.55 5.3085E-6
-3  -1.5  4.1301E-6
-3  -1.4  5.7942E-5
-3  -1.35 2.0187E-4
-3  -1.3  3.218E-4
-3  -1.25 2.7361E-4
-3  -1.2  1.0179E-4
-3  -1.15 4.8082E-6
-3  -1.1  1.9794E-5
-3  -1.05 3.1833E-5
-3  -1  5.9705E-6
-3  -0.95 5.6532E-6
-3  -0.9  2.1908E-5
-3  -0.85 9.6614E-6
-3  -0.75 1.4732E-5
-3  -0.7  1.1454E-5
-3  -0.6  1.7272E-5
-3  -0.55 2.2208E-5
-3  -0.45 1.7391E-5
-3  -0.4  4.1887E-5
-3  -0.35 1.111E-5
-3  -0.3  1.8965E-5
-3  -0.25 9.8572E-5
-3  -0.2  6.681E-5
-3  -0.15 1.6811E-5
-3  -0.1  5.348E-4
-3  -0.05 0.0016
-3  0 0.0021
-3  0.05  0.0016
-3  0.1 5.1231E-4
-3  0.15  2.46E-5
-3  0.2 6.367E-5
-3  0.25  9.3751E-5
-3  0.3 1.7605E-5
-3  0.35  1.0859E-5
-3  0.4 4.0483E-5
-3  0.45  1.6749E-5
-3  0.55  1.7146E-5
-3  0.6 1.2088E-5
-3  0.7 1.3097E-5
-3  0.75  1.5738E-5
-3  0.85  8.5838E-6
-3  0.9 1.877E-5
-3  0.95  4.6481E-6
-3  1 5.3243E-6
-3  1.05  2.7342E-5
-3  1.1 1.7206E-5
-3  1.2 8.4956E-5
-3  1.25  2.2575E-4
-3  1.3 2.6611E-4
-3  1.35  1.6322E-4
-3  1.4 4.6859E-5
-3  1.55  4.1751E-6
-3  2.55  5.6575E-6
-3  2.6 8.0398E-6
-3  2.65  5.8454E-6
-2.95 -1.4  1.3181E-5
-2.95 -1.35 5.0174E-5
-2.95 -1.3  7.8937E-5
-2.95 -1.25 6.6628E-5
-2.95 -1.2  2.4466E-5
-2.95 -1.1  4.9359E-6
-2.95 -1.05 8.4765E-6
-2.95 -0.9  5.7329E-6
-2.95 -0.6  5.0203E-6
-2.95 -0.55 5.6929E-6
-2.95 -0.45 4.6051E-6
-2.95 -0.4  1.0576E-5
-2.95 -0.3  5.0707E-6
-2.95 -0.25 2.5264E-5
-2.95 -0.2  1.6523E-5
-2.95 -0.15 7.1658E-6
-2.95 -0.1  1.2627E-4
-2.95 -0.05 3.9338E-4
-2.95 0 5.261E-4
-2.95 0.05  3.7933E-4
-2.95 0.1 1.2307E-4
-2.95 0.15  5.2383E-6
-2.95 0.2 1.6064E-5
-2.95 0.25  2.3532E-5
-2.95 0.3 3.9611E-6
-2.95 0.4 1.052E-5
-2.95 0.45  5.3261E-6
-2.95 0.75  4.0109E-6
-2.95 0.9 4.6376E-6
-2.95 1.05  6.7788E-6
-2.95 1.1 4.2002E-6
-2.95 1.2 2.1832E-5
-2.95 1.25  5.4724E-5
-2.95 1.3 6.4691E-5
-2.95 1.35  4.2278E-5
-2.95 1.4 1.1029E-5
-2.9  -1.4  2.0366E-5
-2.9  -1.35 6.6919E-5
-2.9  -1.3  1.0567E-4
-2.9  -1.25 9.1372E-5
-2.9  -1.2  3.4786E-5
-2.9  -1.1  7.0001E-6
-2.9  -1.05 1.0342E-5
-2.9  -0.9  6.3362E-6
-2.9  -0.75 8.0186E-6
-2.9  -0.7  6.2812E-6
-2.9  -0.6  4.6097E-6
-2.9  -0.55 6.7956E-6
-2.9  -0.45 5.2528E-6
-2.9  -0.4  1.2687E-5
-2.9  -0.3  6.8165E-6
-2.9  -0.25 3.0871E-5
-2.9  -0.2  1.9399E-5
-2.9  -0.15 5.3047E-6
-2.9  -0.1  2.0023E-4
-2.9  -0.05 5.0961E-4
-2.9  0 7.0504E-4
-2.9  0.05  5.214E-4
-2.9  0.1 1.7488E-4
-2.9  0.15  6.8686E-6
-2.9  0.2 1.9726E-5
-2.9  0.25  3.0164E-5
-2.9  0.3 5.6197E-6
-2.9  0.4 1.1962E-5
-2.9  0.55  9.3058E-6
-2.9  0.6 6.7622E-6
-2.9  0.75  4.7678E-6
-2.9  0.9 5.7164E-6
-2.9  1.05  8.7632E-6
-2.9  1.1 5.1655E-6
-2.9  1.2 3.1856E-5
-2.9  1.25  7.0846E-5
-2.9  1.3 8.5977E-5
-2.9  1.35  5.4966E-5
-2.9  1.4 1.5651E-5
-2.85 -2.5  8.607E-6
-2.85 -1.55 2.0445E-5
-2.85 -1.5  1.5917E-5
-2.85 -1.45 1.0977E-5
-2.85 -1.4  2.2697E-4
-2.85 -1.35 7.6271E-4
-2.85 -1.3  0.0012
-2.85 -1.25 0.001
-2.85 -1.2  3.8907E-4
-2.85 -1.15 1.3481E-5
-2.85 -1.1  7.1769E-5
-2.85 -1.05 1.2098E-4
-2.85 -1  2.1762E-5
-2.85 -0.95 2.1345E-5
-2.85 -0.9  7.653E-5
-2.85 -0.85 3.3812E-5
-2.85 -0.8  6.512E-6
-2.85 -0.75 7.0665E-5
-2.85 -0.7  5.0796E-5
-2.85 -0.6  6.3697E-5
-2.85 -0.55 8.5285E-5
-2.85 -0.5  6.7689E-6
-2.85 -0.45 6.5585E-5
-2.85 -0.4  1.5994E-4
-2.85 -0.35 4.8049E-5
-2.85 -0.3  6.4454E-5
-2.85 -0.25 3.7998E-4
-2.85 -0.2  2.433E-4
-2.85 -0.15 9.2439E-5
-2.85 -0.1  0.0019
-2.85 -0.05 0.0059
-2.85 0 0.0081
-2.85 0.05  0.0059
-2.85 0.1 0.0019
-2.85 0.15  9.679E-5
-2.85 0.2 2.2761E-4
-2.85 0.25  3.5935E-4
-2.85 0.3 6.0838E-5
-2.85 0.35  3.861E-5
-2.85 0.4 1.4066E-4
-2.85 0.45  5.7639E-5
-2.85 0.5 8.4426E-6
-2.85 0.55  8.0345E-5
-2.85 0.6 5.455E-5
-2.85 0.7 4.7076E-5
-2.85 0.75  5.8901E-5
-2.85 0.8 4.7951E-6
-2.85 0.85  3.0788E-5
-2.85 0.9 6.9892E-5
-2.85 0.95  2.0263E-5
-2.85 1 1.9284E-5
-2.85 1.05  1.0306E-4
-2.85 1.1 6.1319E-5
-2.85 1.15  1.4161E-5
-2.85 1.2 3.1876E-4
-2.85 1.25  8.5007E-4
-2.85 1.3 9.9268E-4
-2.85 1.35  6.2235E-4
-2.85 1.4 1.6913E-4
-2.85 1.45  8.886E-6
-2.85 1.5 1.2677E-5
-2.85 1.55  1.5926E-5
-2.85 2.5 6.4494E-6
-2.85 2.55  2.0722E-5
-2.85 2.6 2.9624E-5
-2.85 2.65  2.191E-5
-2.85 2.7 7.1919E-6
-2.8  -2.55 8.3862E-5
-2.8  -2.5  2.5789E-5
-2.8  -2.35 4.1803E-6
-2.8  -1.7  1.0746E-5
-2.8  -1.6  9.4634E-6
-2.8  -1.55 6.1436E-5
-2.8  -1.5  4.7337E-5
-2.8  -1.45 2.2298E-5
-2.8  -1.4  6.6422E-4
-2.8  -1.35 0.0023
-2.8  -1.3  0.0037
-2.8  -1.25 0.0031
-2.8  -1.2  0.0012
-2.8  -1.15 4.9493E-5
-2.8  -1.1  2.2201E-4
-2.8  -1.05 3.5888E-4
-2.8  -1  6.7821E-5
-2.8  -0.95 6.1445E-5
-2.8  -0.9  2.3779E-4
-2.8  -0.85 9.8858E-5
-2.8  -0.8  2.0695E-5
-2.8  -0.75 1.8938E-4
-2.8  -0.7  1.4238E-4
-2.8  -0.65 7.4072E-6
-2.8  -0.6  2.0179E-4
-2.8  -0.55 2.6178E-4
-2.8  -0.5  2.0245E-5
-2.8  -0.45 2.0075E-4
-2.8  -0.4  4.8054E-4
-2.8  -0.35 1.2678E-4
-2.8  -0.3  2.0609E-4
-2.8  -0.25 0.0011
-2.8  -0.2  7.5024E-4
-2.8  -0.15 2.1181E-4
-2.8  -0.1  0.006
-2.8  -0.05 0.0178
-2.8  0 0.0241
-2.8  0.05  0.0174
-2.8  0.1 0.0058
-2.8  0.15  2.2158E-4
-2.8  0.2 7.0876E-4
-2.8  0.25  0.001
-2.8  0.3 1.9637E-4
-2.8  0.35  1.1221E-4
-2.8  0.4 4.2903E-4
-2.8  0.45  1.7203E-4
-2.8  0.5 2.1877E-5
-2.8  0.55  2.1765E-4
-2.8  0.6 1.4795E-4
-2.8  0.65  6.8992E-6
-2.8  0.7 1.5059E-4
-2.8  0.75  1.812E-4
-2.8  0.8 1.3906E-5
-2.8  0.85  9.2789E-5
-2.8  0.9 2.121E-4
-2.8  0.95  5.477E-5
-2.8  1 5.9499E-5
-2.8  1.05  3.015E-4
-2.8  1.1 1.8991E-4
-2.8  1.15  3.927E-5
-2.8  1.2 9.6709E-4
-2.8  1.25  0.0025
-2.8  1.3 0.0029
-2.8  1.35  0.0018
-2.8  1.4 5.1331E-4
-2.8  1.45  1.8122E-5
-2.8  1.5 3.5719E-5
-2.8  1.55  4.5729E-5
-2.8  1.6 7.4879E-6
-2.8  1.7 7.8211E-6
-2.8  2.5 1.9117E-5
-2.8  2.55  6.1669E-5
-2.8  2.6 8.6967E-5
-2.8  2.65  6.3364E-5
-2.8  2.7 2.1331E-5
-2.75 -2.55 1.401E-4
-2.75 -2.5  4.3443E-5
-2.75 -2.4  6.1892E-6
-2.75 -2.35 7.0552E-6
-2.75 -1.75 5.8258E-6
-2.75 -1.7  1.8774E-5
-2.75 -1.65 6.1496E-6
-2.75 -1.6  1.6975E-5
-2.75 -1.55 1.0602E-4
-2.75 -1.5  8.0592E-5
-2.75 -1.45 5.5606E-5
-2.75 -1.4  0.0012
-2.75 -1.35 0.004
-2.75 -1.3  0.0065
-2.75 -1.25 0.0054
-2.75 -1.2  0.002
-2.75 -1.15 8.3593E-5
-2.75 -1.1  3.9785E-4
-2.75 -1.05 6.2469E-4
-2.75 -1  1.1185E-4
-2.75 -0.95 1.0896E-4
-2.75 -0.9  4.0237E-4
-2.75 -0.85 1.7629E-4
-2.75 -0.8  2.3715E-5
-2.75 -0.75 3.0965E-4
-2.75 -0.7  2.3088E-4
-2.75 -0.65 8.3827E-6
-2.75 -0.6  3.5566E-4
-2.75 -0.55 4.4895E-4
-2.75 -0.5  4.2078E-5
-2.75 -0.45 3.3778E-4
-2.75 -0.4  8.3135E-4
-2.75 -0.35 2.2563E-4
-2.75 -0.3  3.496E-4
-2.75 -0.25 0.002
-2.75 -0.2  0.0013
-2.75 -0.15 5.1946E-4
-2.75 -0.1  0.0103
-2.75 -0.05 0.0308
-2.75 0 0.0416
-2.75 0.05  0.0303
-2.75 0.1 0.0099
-2.75 0.15  4.192E-4
-2.75 0.2 0.0012
-2.75 0.25  0.0018
-2.75 0.3 3.1971E-4
-2.75 0.35  2.026E-4
-2.75 0.4 7.2721E-4
-2.75 0.45  3.0074E-4
-2.75 0.5 3.1212E-5
-2.75 0.55  3.4594E-4
-2.75 0.6 2.4431E-4
-2.75 0.7 2.6431E-4
-2.75 0.75  3.0852E-4
-2.75 0.8 2.6731E-5
-2.75 0.85  1.585E-4
-2.75 0.9 3.5961E-4
-2.75 0.95  9.6067E-5
-2.75 1 9.4879E-5
-2.75 1.05  5.2678E-4
-2.75 1.1 3.2381E-4
-2.75 1.15  7.5062E-5
-2.75 1.2 0.0016
-2.75 1.25  0.0043
-2.75 1.3 0.005
-2.75 1.35  0.0031
-2.75 1.4 8.7506E-4
-2.75 1.45  3.6955E-5
-2.75 1.5 5.9753E-5
-2.75 1.55  8.0009E-5
-2.75 1.6 1.2895E-5
-2.75 1.65  4.3738E-6
-2.75 1.7 1.3377E-5
-2.75 1.75  4.2321E-6
-2.75 2.35  5.1213E-6
-2.75 2.4 4.461E-6
-2.75 2.5 3.2357E-5
-2.75 2.55  1.0588E-4
-2.75 2.6 1.4863E-4
-2.75 2.65  1.1017E-4
-2.75 2.7 3.6837E-5
-2.75 2.85  4.7477E-6
-2.7  -2.55 1.718E-4
-2.7  -2.5  5.2105E-5
-2.7  -2.4  7.1963E-6
-2.7  -2.35 8.3804E-6
-2.7  -1.75 7.1569E-6
-2.7  -1.7  2.2438E-5
-2.7  -1.65 7.3333E-6
-2.7  -1.6  1.9592E-5
-2.7  -1.55 1.2399E-4
-2.7  -1.5  9.6072E-5
-2.7  -1.45 4.2573E-5
-2.7  -1.4  0.0014
-2.7  -1.35 0.0048
-2.7  -1.3  0.0077
-2.7  -1.25 0.0066
-2.7  -1.2  0.0025
-2.7  -1.15 1.235E-4
-2.7  -1.1  4.7626E-4
-2.7  -1.05 7.629E-4
-2.7  -1  1.4563E-4
-2.7  -0.95 1.3007E-4
-2.7  -0.9  5.0671E-4
-2.7  -0.85 2.1627E-4
-2.7  -0.8  3.6649E-5
-2.7  -0.75 3.6401E-4
-2.7  -0.7  2.668E-4
-2.7  -0.65 1.9944E-5
-2.7  -0.6  4.2643E-4
-2.7  -0.55 5.5213E-4
-2.7  -0.5  4.3475E-5
-2.7  -0.45 4.0431E-4
-2.7  -0.4  9.9136E-4
-2.7  -0.35 2.6116E-4
-2.7  -0.3  4.2641E-4
-2.7  -0.25 0.0023
-2.7  -0.2  0.0015
-2.7  -0.15 4.7905E-4
-2.7  -0.1  0.0125
-2.7  -0.05 0.0368
-2.7  0 0.0505
-2.7  0.05  0.0365
-2.7  0.1 0.0121
-2.7  0.15  5.319E-4
-2.7  0.2 0.0015
-2.7  0.25  0.0022
-2.7  0.3 3.9973E-4
-2.7  0.35  2.3195E-4
-2.7  0.4 8.9008E-4
-2.7  0.45  3.6788E-4
-2.7  0.5 3.5715E-5
-2.7  0.55  4.1018E-4
-2.7  0.6 2.7534E-4
-2.7  0.65  1.6285E-5
-2.7  0.7 3.1689E-4
-2.7  0.75  3.7696E-4
-2.7  0.8 3.3793E-5
-2.7  0.85  1.8664E-4
-2.7  0.9 4.3386E-4
-2.7  0.95  1.1111E-4
-2.7  1 1.1972E-4
-2.7  1.05  6.1589E-4
-2.7  1.1 3.8628E-4
-2.7  1.15  8.6053E-5
-2.7  1.2 0.002
-2.7  1.25  0.0052
-2.7  1.3 0.0061
-2.7  1.35  0.0037
-2.7  1.4 0.0011
-2.7  1.45  3.8221E-5
-2.7  1.5 7.378E-5
-2.7  1.55  9.4041E-5
-2.7  1.6 1.5041E-5
-2.7  1.65  4.9095E-6
-2.7  1.7 1.6017E-5
-2.7  1.75  5.2973E-6
-2.7  2.35  6.0798E-6
-2.7  2.4 5.2916E-6
-2.7  2.5 3.822E-5
-2.7  2.55  1.2498E-4
-2.7  2.6 1.7636E-4
-2.7  2.65  1.2979E-4
-2.7  2.7 4.386E-5
-2.7  2.85  5.5624E-6
-2.65 -2.55 1.5127E-4
-2.65 -2.5  4.6555E-5
-2.65 -2.4  6.341E-6
-2.65 -2.35 7.2868E-6
-2.65 -1.75 6.1341E-6
-2.65 -1.7  2.0016E-5
-2.65 -1.65 6.5298E-6
-2.65 -1.6  1.7738E-5
-2.65 -1.55 1.1065E-4
-2.65 -1.5  8.2545E-5
-2.65 -1.45 5.5329E-5
-2.65 -1.4  0.0012
-2.65 -1.35 0.0041
-2.65 -1.3  0.0066
-2.65 -1.25 0.0056
-2.65 -1.2  0.0021
-2.65 -1.15 8.4876E-5
-2.65 -1.1  4.0347E-4
-2.65 -1.05 6.5645E-4
-2.65 -1  1.1618E-4
-2.65 -0.95 1.1213E-4
-2.65 -0.9  4.3139E-4
-2.65 -0.85 1.9406E-4
-2.65 -0.8  2.2734E-5
-2.65 -0.75 3.0758E-4
-2.65 -0.7  2.2555E-4
-2.65 -0.65 9.0801E-6
-2.65 -0.6  3.8182E-4
-2.65 -0.55 4.7314E-4
-2.65 -0.5  4.2518E-5
-2.65 -0.45 3.4404E-4
-2.65 -0.4  8.5196E-4
-2.65 -0.35 2.3803E-4
-2.65 -0.3  3.3886E-4
-2.65 -0.25 0.002
-2.65 -0.2  0.0013
-2.65 -0.15 5.0913E-4
-2.65 -0.1  0.0104
-2.65 -0.05 0.0316
-2.65 0 0.0429
-2.65 0.05  0.0313
-2.65 0.1 0.0102
-2.65 0.15  5.0001E-4
-2.65 0.2 0.0012
-2.65 0.25  0.0019
-2.65 0.3 3.3382E-4
-2.65 0.35  2.0564E-4
-2.65 0.4 7.6713E-4
-2.65 0.45  3.2148E-4
-2.65 0.5 2.7669E-5
-2.65 0.55  3.3422E-4
-2.65 0.6 2.3111E-4
-2.65 0.65  4.36E-6
-2.65 0.7 2.7867E-4
-2.65 0.75  3.2123E-4
-2.65 0.8 2.6273E-5
-2.65 0.85  1.5954E-4
-2.65 0.9 3.6354E-4
-2.65 0.95  9.9128E-5
-2.65 1 9.3608E-5
-2.65 1.05  5.2762E-4
-2.65 1.1 3.2594E-4
-2.65 1.15  6.9062E-5
-2.65 1.2 0.0017
-2.65 1.25  0.0044
-2.65 1.3 0.0051
-2.65 1.35  0.0032
-2.65 1.4 9.0259E-4
-2.65 1.45  4.3932E-5
-2.65 1.5 6.1729E-5
-2.65 1.55  8.2193E-5
-2.65 1.6 1.3085E-5
-2.65 1.65  4.4356E-6
-2.65 1.7 1.3948E-5
-2.65 1.75  4.5072E-6
-2.65 2.35  5.1332E-6
-2.65 2.4 4.4469E-6
-2.65 2.5 3.2675E-5
-2.65 2.55  1.057E-4
-2.65 2.6 1.4933E-4
-2.65 2.65  1.1043E-4
-2.65 2.7 3.7495E-5
-2.65 2.85  4.7644E-6
-2.6  -2.55 8.7163E-5
-2.6  -2.5  2.7854E-5
-2.6  -2.35 4.5105E-6
-2.6  -1.7  1.1831E-5
-2.6  -1.6  1.0382E-5
-2.6  -1.55 6.6351E-5
-2.6  -1.5  5.1094E-5
-2.6  -1.45 2.5042E-5
-2.6  -1.4  7.1797E-4
-2.6  -1.35 0.0025
-2.6  -1.3  0.004
-2.6  -1.25 0.0034
-2.6  -1.2  0.0013
-2.6  -1.15 5.8534E-5
-2.6  -1.1  2.4089E-4
-2.6  -1.05 3.8843E-4
-2.6  -1  7.8498E-5
-2.6  -0.95 6.8659E-5
-2.6  -0.9  2.6345E-4
-2.6  -0.85 1.1886E-4
-2.6  -0.8  1.3629E-5
-2.6  -0.75 1.8149E-4
-2.6  -0.7  1.3008E-4
-2.6  -0.65 1.2673E-5
-2.6  -0.6  2.3183E-4
-2.6  -0.55 2.9452E-4
-2.6  -0.5  2.3629E-5
-2.6  -0.45 2.1759E-4
-2.6  -0.4  5.1278E-4
-2.6  -0.35 1.3563E-4
-2.6  -0.3  2.1117E-4
-2.6  -0.25 0.0012
-2.6  -0.2  7.7971E-4
-2.6  -0.15 2.7636E-4
-2.6  -0.1  0.0065
-2.6  -0.05 0.0187
-2.6  0 0.0258
-2.6  0.05  0.0185
-2.6  0.1 0.0061
-2.6  0.15  2.636E-4
-2.6  0.2 7.4561E-4
-2.6  0.25  0.0011
-2.6  0.3 2.0695E-4
-2.6  0.35  1.213E-4
-2.6  0.4 4.6308E-4
-2.6  0.45  2.0303E-4
-2.6  0.5 1.2527E-5
-2.6  0.55  1.9986E-4
-2.6  0.6 1.3042E-4
-2.6  0.65  9.9769E-6
-2.6  0.7 1.6873E-4
-2.6  0.75  1.9516E-4
-2.6  0.8 1.7801E-5
-2.6  0.85  9.8278E-5
-2.6  0.9 2.2228E-4
-2.6  0.95  5.7662E-5
-2.6  1 6.4935E-5
-2.6  1.05  3.1399E-4
-2.6  1.1 1.9427E-4
-2.6  1.15  4.4066E-5
-2.6  1.2 0.001
-2.6  1.25  0.0026
-2.6  1.3 0.0031
-2.6  1.35  0.0019
-2.6  1.4 5.3577E-4
-2.6  1.45  1.8394E-5
-2.6  1.5 3.7014E-5
-2.6  1.55  4.835E-5
-2.6  1.6 7.6958E-6
-2.6  1.7 8.1891E-6
-2.6  2.5 1.8953E-5
-2.6  2.55  6.2925E-5
-2.6  2.6 8.8369E-5
-2.6  2.65  6.5726E-5
-2.6  2.7 2.2202E-5
-2.55 -2.55 3.0044E-5
-2.55 -2.5  9.5589E-6
-2.55 -1.7  4.1632E-6
-2.55 -1.55 2.4199E-5
-2.55 -1.5  1.8206E-5
-2.55 -1.45 1.3566E-5
-2.55 -1.4  2.5895E-4
-2.55 -1.35 9.266E-4
-2.55 -1.3  0.0015
-2.55 -1.25 0.0012
-2.55 -1.2  4.7185E-4
-2.55 -1.15 2.1228E-5
-2.55 -1.1  8.3727E-5
-2.55 -1.05 1.3844E-4
-2.55 -1  2.5E-5
-2.55 -0.95 2.4119E-5
-2.55 -0.9  9.2E-5
-2.55 -0.85 4.2034E-5
-2.55 -0.75 6.0439E-5
-2.55 -0.7  4.7355E-5
-2.55 -0.6  8.1075E-5
-2.55 -0.55 9.9644E-5
-2.55 -0.5  8.4233E-6
-2.55 -0.45 7.6223E-5
-2.55 -0.4  1.8245E-4
-2.55 -0.35 4.9864E-5
-2.55 -0.3  7.8809E-5
-2.55 -0.25 4.2531E-4
-2.55 -0.2  2.8121E-4
-2.55 -0.15 8.1102E-5
-2.55 -0.1  0.0023
-2.55 -0.05 0.0067
-2.55 0 0.0091
-2.55 0.05  0.0068
-2.55 0.1 0.0022
-2.55 0.15  1.1194E-4
-2.55 0.2 2.567E-4
-2.55 0.25  3.93E-4
-2.55 0.3 7.0119E-5
-2.55 0.35  4.2812E-5
-2.55 0.4 1.6312E-4
-2.55 0.45  7.0462E-5
-2.55 0.55  6.456E-5
-2.55 0.6 4.6653E-5
-2.55 0.7 5.9152E-5
-2.55 0.75  6.7243E-5
-2.55 0.8 4.9528E-6
-2.55 0.85  3.5336E-5
-2.55 0.9 7.7594E-5
-2.55 0.95  2.04E-5
-2.55 1 2.0571E-5
-2.55 1.05  1.1183E-4
-2.55 1.1 7.0133E-5
-2.55 1.15  1.2301E-5
-2.55 1.2 3.533E-4
-2.55 1.25  9.2164E-4
-2.55 1.3 0.0011
-2.55 1.35  6.7697E-4
-2.55 1.4 1.8992E-4
-2.55 1.45  9.576E-6
-2.55 1.5 1.222E-5
-2.55 1.55  1.698E-5
-2.55 2.5 6.9677E-6
-2.55 2.55  2.2039E-5
-2.55 2.6 3.1585E-5
-2.55 2.65  2.3187E-5
-2.55 2.7 7.8288E-6
-2.5  -2.6  4.6311E-6
-2.5  -1.4  2.3599E-5
-2.5  -1.35 8.8947E-5
-2.5  -1.3  1.5031E-4
-2.5  -1.25 1.3298E-4
-2.5  -1.2  5.4809E-5
-2.5  -1.1  8.6876E-6
-2.5  -1.05 1.386E-5
-2.5  -0.9  9.9217E-6
-2.5  -0.85 4.3779E-6
-2.5  -0.75 5.5809E-6
-2.5  -0.7  4.5474E-6
-2.5  -0.6  6.8633E-6
-2.5  -0.55 9.0476E-6
-2.5  -0.45 8.4551E-6
-2.5  -0.4  1.8056E-5
-2.5  -0.35 4.1209E-6
-2.5  -0.3  9.8052E-6
-2.5  -0.25 4.2335E-5
-2.5  -0.2  2.8288E-5
-2.5  -0.15 8.9681E-6
-2.5  -0.1  2.4627E-4
-2.5  -0.05 6.5871E-4
-2.5  0 9.4078E-4
-2.5  0.05  6.6516E-4
-2.5  0.1 2.4878E-4
-2.5  0.15  1.0412E-5
-2.5  0.2 2.6256E-5
-2.5  0.25  3.7227E-5
-2.5  0.3 6.9619E-6
-2.5  0.35  4.0916E-6
-2.5  0.4 1.6781E-5
-2.5  0.45  7.1769E-6
-2.5  0.55  5.7341E-6
-2.5  0.6 4.5562E-6
-2.5  0.7 5.2413E-6
-2.5  0.75  5.8121E-6
-2.5  0.9 7.9383E-6
-2.5  1.05  1.1244E-5
-2.5  1.1 7.056E-6
-2.5  1.2 3.4463E-5
-2.5  1.25  9.0899E-5
-2.5  1.3 1.1234E-4
-2.5  1.35  6.5333E-5
-2.5  1.4 2.0639E-5
-2.45 -1.4  1.2422E-5
-2.45 -1.35 4.5844E-5
-2.45 -1.3  7.1975E-5
-2.45 -1.25 6.175E-5
-2.45 -1.2  2.3086E-5
-2.45 -1.1  4.3164E-6
-2.45 -1.05 7.4779E-6
-2.45 -0.9  4.7625E-6
-2.45 -0.6  5.0195E-6
-2.45 -0.55 6.7151E-6
-2.45 -0.4  8.8139E-6
-2.45 -0.25 1.9576E-5
-2.45 -0.2  1.4013E-5
-2.45 -0.15 4.2492E-6
-2.45 -0.1  1.1242E-4
-2.45 -0.05 3.4521E-4
-2.45 0 4.7462E-4
-2.45 0.05  3.4481E-4
-2.45 0.1 1.058E-4
-2.45 0.15  6.3857E-6
-2.45 0.2 1.5977E-5
-2.45 0.25  2.0991E-5
-2.45 0.4 8.2419E-6
-2.45 0.55  4.2192E-6
-2.45 0.75  4.4275E-6
-2.45 1.05  5.1772E-6
-2.45 1.2 1.8507E-5
-2.45 1.25  4.723E-5
-2.45 1.3 5.4913E-5
-2.45 1.35  3.406E-5
-2.45 1.4 8.9784E-6
-2.4  -2.6  1.0018E-5
-2.4  -2.55 7.3267E-6
-2.4  -1.55 5.8341E-6
-2.4  -1.5  4.4448E-6
-2.4  -1.4  6.8293E-5
-2.4  -1.35 2.3206E-4
-2.4  -1.3  3.7004E-4
-2.4  -1.25 3.0913E-4
-2.4  -1.2  1.1782E-4
-2.4  -1.15 4.6251E-6
-2.4  -1.1  2.1828E-5
-2.4  -1.05 3.4987E-5
-2.4  -1  6.708E-6
-2.4  -0.95 6.1804E-6
-2.4  -0.9  2.4018E-5
-2.4  -0.85 1.0737E-5
-2.4  -0.75 1.6942E-5
-2.4  -0.7  1.2162E-5
-2.4  -0.6  2.2441E-5
-2.4  -0.55 2.9725E-5
-2.4  -0.45 1.6368E-5
-2.4  -0.4  4.3964E-5
-2.4  -0.35 1.2683E-5
-2.4  -0.3  1.8303E-5
-2.4  -0.25 9.864E-5
-2.4  -0.2  6.559E-5
-2.4  -0.15 2.6206E-5
-2.4  -0.1  5.6879E-4
-2.4  -0.05 0.0017
-2.4  0 0.0023
-2.4  0.05  0.0016
-2.4  0.1 5.4971E-4
-2.4  0.15  2.1682E-5
-2.4  0.2 6.4928E-5
-2.4  0.25  9.7409E-5
-2.4  0.3 1.7685E-5
-2.4  0.35  1.06E-5
-2.4  0.4 4.1035E-5
-2.4  0.45  1.7503E-5
-2.4  0.55  1.8034E-5
-2.4  0.6 1.2162E-5
-2.4  0.7 1.5781E-5
-2.4  0.75  1.8991E-5
-2.4  0.85  6.9503E-6
-2.4  0.9 1.8179E-5
-2.4  0.95  5.1347E-6
-2.4  1 4.9202E-6
-2.4  1.05  2.5727E-5
-2.4  1.1 1.5649E-5
-2.4  1.15  4.4831E-6
-2.4  1.2 8.7563E-5
-2.4  1.25  2.2624E-4
-2.4  1.3 2.6376E-4
-2.4  1.35  1.6291E-4
-2.4  1.4 4.7068E-5
-2.4  1.55  4.1061E-6
-2.4  2.55  5.2836E-6
-2.4  2.6 7.4204E-6
-2.4  2.65  5.4839E-6
-2.35 -2.6  1.2176E-5
-2.35 -2.55 8.2866E-6
-2.35 -1.55 6.0466E-6
-2.35 -1.5  4.492E-6
-2.35 -1.4  7.0316E-5
-2.35 -1.35 2.4824E-4
-2.35 -1.3  3.9174E-4
-2.35 -1.25 3.3399E-4
-2.35 -1.2  1.2598E-4
-2.35 -1.15 6.5194E-6
-2.35 -1.1  2.1602E-5
-2.35 -1.05 3.6404E-5
-2.35 -1  6.5718E-6
-2.35 -0.95 6.7871E-6
-2.35 -0.9  2.4687E-5
-2.35 -0.85 1.1531E-5
-2.35 -0.75 1.6242E-5
-2.35 -0.7  1.2486E-5
-2.35 -0.6  2.1517E-5
-2.35 -0.55 2.7975E-5
-2.35 -0.45 1.6586E-5
-2.35 -0.4  4.3716E-5
-2.35 -0.35 1.2975E-5
-2.35 -0.3  1.7447E-5
-2.35 -0.25 1.0233E-4
-2.35 -0.2  6.4365E-5
-2.35 -0.15 2.7769E-5
-2.35 -0.1  5.8152E-4
-2.35 -0.05 0.0017
-2.35 0 0.0023
-2.35 0.05  0.0017
-2.35 0.1 5.6795E-4
-2.35 0.15  2.9238E-5
-2.35 0.2 6.2903E-5
-2.35 0.25  9.9255E-5
-2.35 0.3 1.775E-5
-2.35 0.35  1.0943E-5
-2.35 0.4 4.2561E-5
-2.35 0.45  1.8517E-5
-2.35 0.55  1.705E-5
-2.35 0.6 1.2407E-5
-2.35 0.7 1.5145E-5
-2.35 0.75  1.8283E-5
-2.35 0.85  7.029E-6
-2.35 0.9 1.7798E-5
-2.35 0.95  5.0038E-6
-2.35 1 4.8515E-6
-2.35 1.05  2.5895E-5
-2.35 1.1 1.5707E-5
-2.35 1.2 8.9168E-5
-2.35 1.25  2.3087E-4
-2.35 1.3 2.689E-4
-2.35 1.35  1.678E-4
-2.35 1.4 4.8575E-5
-2.35 1.55  4.1153E-6
-2.35 2.55  5.3365E-6
-2.35 2.6 7.6046E-6
-2.35 2.65  5.6356E-6
-2.3  -1.4  2.8578E-5
-2.3  -1.35 9.4192E-5
-2.3  -1.3  1.5438E-4
-2.3  -1.25 1.3149E-4
-2.3  -1.2  5.0655E-5
-2.3  -1.1  8.012E-6
-2.3  -1.05 1.38E-5
-2.3  -0.9  1.0013E-5
-2.3  -0.85 4.7655E-6
-2.3  -0.75 6.2852E-6
-2.3  -0.7  5.1434E-6
-2.3  -0.6  6.7845E-6
-2.3  -0.55 9.5011E-6
-2.3  -0.45 5.9948E-6
-2.3  -0.4  1.5594E-5
-2.3  -0.35 4.533E-6
-2.3  -0.3  6.743E-6
-2.3  -0.25 3.7059E-5
-2.3  -0.2  2.3139E-5
-2.3  -0.15 1.2003E-5
-2.3  -0.1  2.3432E-4
-2.3  -0.05 6.6636E-4
-2.3  0 9.0799E-4
-2.3  0.05  6.601E-4
-2.3  0.1 2.2306E-4
-2.3  0.15  9.6645E-6
-2.3  0.2 2.2407E-5
-2.3  0.25  3.6135E-5
-2.3  0.3 6.5488E-6
-2.3  0.35  4.2759E-6
-2.3  0.4 1.6398E-5
-2.3  0.45  8.0496E-6
-2.3  0.55  6.2395E-6
-2.3  0.6 4.8455E-6
-2.3  0.7 4.7936E-6
-2.3  0.75  6.1238E-6
-2.3  0.9 6.4298E-6
-2.3  1.05  9.5974E-6
-2.3  1.1 5.622E-6
-2.3  1.2 3.3567E-5
-2.3  1.25  8.997E-5
-2.3  1.3 1.0411E-4
-2.3  1.35  6.5473E-5
-2.3  1.4 1.9449E-5
-2.25 -0.1  6.4153E-6
-2.25 -0.05 1.5793E-5
-2.25 0 1.6278E-5
-2.25 0.05  1.5696E-5
-2.25 0.1 5.21E-6
-2.2  -1.4  1.2319E-5
-2.2  -1.35 4.1347E-5
-2.2  -1.3  6.5376E-5
-2.2  -1.25 5.5185E-5
-2.2  -1.2  1.9344E-5
-2.2  -1.1  4.2272E-6
-2.2  -1.05 6.5653E-6
-2.2  -0.9  3.9343E-6
-2.2  -0.6  5.8681E-6
-2.2  -0.55 6.5049E-6
-2.2  -0.4  8.218E-6
-2.2  -0.25 1.8781E-5
-2.2  -0.2  1.3743E-5
-2.2  -0.1  9.1344E-5
-2.2  -0.05 2.6352E-4
-2.2  0 3.6636E-4
-2.2  0.05  2.6948E-4
-2.2  0.1 8.4942E-5
-2.2  0.2 1.1289E-5
-2.2  0.25  1.685E-5
-2.2  0.4 6.1079E-6
-2.2  0.75  3.9302E-6
-2.2  1.05  4.8184E-6
-2.2  1.2 1.2259E-5
-2.2  1.25  3.4748E-5
-2.2  1.3 4.0957E-5
-2.2  1.35  2.4748E-5
-2.2  1.4 7.3674E-6
-2.15 -1.4  2.557E-5
-2.15 -1.35 9.5881E-5
-2.15 -1.3  1.5822E-4
-2.15 -1.25 1.3697E-4
-2.15 -1.2  5.247E-5
-2.15 -1.1  8.9909E-6
-2.15 -1.05 1.5101E-5
-2.15 -0.9  9.5192E-6
-2.15 -0.85 4.5724E-6
-2.15 -0.75 5.6004E-6
-2.15 -0.6  1.0842E-5
-2.15 -0.55 1.3118E-5
-2.15 -0.45 6.463E-6
-2.15 -0.4  1.7342E-5
-2.15 -0.35 4.8745E-6
-2.15 -0.3  7.5005E-6
-2.15 -0.25 4.2914E-5
-2.15 -0.2  2.9227E-5
-2.15 -0.15 8.0428E-6
-2.15 -0.1  2.0797E-4
-2.15 -0.05 6.3504E-4
-2.15 0 8.6615E-4
-2.15 0.05  6.3726E-4
-2.15 0.1 2.1569E-4
-2.15 0.15  1.1672E-5
-2.15 0.2 2.3468E-5
-2.15 0.25  3.7588E-5
-2.15 0.3 7.4043E-6
-2.15 0.4 1.5155E-5
-2.15 0.45  6.8092E-6
-2.15 0.55  5.3395E-6
-2.15 0.7 7.0112E-6
-2.15 0.75  7.8403E-6
-2.15 0.9 6.5836E-6
-2.15 1.05  1.0413E-5
-2.15 1.1 6.6892E-6
-2.15 1.2 3.045E-5
-2.15 1.25  8.1448E-5
-2.15 1.3 9.6197E-5
-2.15 1.35  6.0346E-5
-2.15 1.4 1.7463E-5
-2.1  -1.4  3.2838E-5
-2.1  -1.35 9.1027E-5
-2.1  -1.3  1.2841E-4
-2.1  -1.25 1.0309E-4
-2.1  -1.2  4.0824E-5
-2.1  -1.1  6.2705E-6
-2.1  -1.05 1.1375E-5
-2.1  -0.9  7.8171E-6
-2.1  -0.85 4.0963E-6
-2.1  -0.75 3.982E-6
-2.1  -0.6  6.362E-6
-2.1  -0.55 8.3686E-6
-2.1  -0.45 4.2131E-6
-2.1  -0.4  1.2017E-5
-2.1  -0.3  6.6601E-6
-2.1  -0.25 3.2386E-5
-2.1  -0.2  2.182E-5
-2.1  -0.15 8.1058E-6
-2.1  -0.1  1.6502E-4
-2.1  -0.05 4.9176E-4
-2.1  0 6.7451E-4
-2.1  0.05  5.0237E-4
-2.1  0.1 1.7419E-4
-2.1  0.15  7.9568E-6
-2.1  0.2 1.6126E-5
-2.1  0.25  2.7103E-5
-2.1  0.3 5.568E-6
-2.1  0.4 1.1636E-5
-2.1  0.45  5.991E-6
-2.1  0.7 4.2178E-6
-2.1  0.75  5.053E-6
-2.1  0.9 4.4541E-6
-2.1  1.05  7.8427E-6
-2.1  1.1 4.7327E-6
-2.1  1.2 2.2873E-5
-2.1  1.25  6.1813E-5
-2.1  1.3 7.297E-5
-2.1  1.35  4.5977E-5
-2.1  1.4 1.3859E-5
-2.05 -1.35 4.9946E-6
-2.05 -1.3  3.5256E-5
-2.05 -1.25 4.516E-5
-2.05 -1.2  2.0036E-5
-2.05 -0.25 5.6331E-6
-2.05 -0.1  2.8718E-5
-2.05 -0.05 9.186E-5
-2.05 0 1.3073E-4
-2.05 0.05  1.0179E-4
-2.05 0.1 3.945E-5
-2.05 0.15  3.9854E-6
-2.05 0.25  4.8598E-6
-2.05 1.2 3.9924E-6
-2.05 1.25  1.1202E-5
-2.05 1.3 1.3923E-5
-2.05 1.35  9.4948E-6
-2  -1.35 1.3362E-5
-2  -1.3  2.7927E-5
-2  -0.1  1.7403E-5
-2  -0.05 4.8909E-5
-2  0 6.1923E-5
-2  0.05  3.9076E-5
-2  0.1 1.0453E-5
-2  1.25  6.4106E-6
-2  1.3 6.9856E-6
-1.95 -1.4  2.1577E-4
-1.95 -1.35 2.4643E-4
-1.95 -1.3  6.0005E-5
-1.95 -1.25 2.4098E-5
-1.95 -1.2  8.2357E-6
-1.95 -1.1  7.9504E-6
-1.95 -1.05 6.964E-6
-1.95 -0.75 6.2308E-6
-1.95 -0.7  3.8892E-6
-1.95 -0.6  9.9416E-6
-1.95 -0.55 9.1383E-6
-1.95 -0.45 5.0483E-6
-1.95 -0.4  1.2139E-5
-1.95 -0.3  5.0666E-6
-1.95 -0.25 2.7299E-5
-1.95 -0.2  1.6201E-5
-1.95 -0.15 6.0225E-6
-1.95 -0.1  1.3732E-4
-1.95 -0.05 3.8863E-4
-1.95 0 5.1491E-4
-1.95 0.05  3.6177E-4
-1.95 0.1 1.182E-4
-1.95 0.15  5.9738E-6
-1.95 0.2 1.5339E-5
-1.95 0.25  2.178E-5
-1.95 0.4 8.2111E-6
-1.95 0.7 5.8763E-6
-1.95 0.75  5.5303E-6
-1.95 0.9 4.649E-6
-1.95 1.05  6.1298E-6
-1.95 1.2 2.0261E-5
-1.95 1.25  4.976E-5
-1.95 1.3 5.736E-5
-1.95 1.35  3.4442E-5
-1.95 1.4 9.2154E-6
-1.9  -1.4  4.089E-6
-1.9  -1.35 2.3558E-5
-1.9  -1.3  7.7877E-5
-1.9  -1.25 1.8214E-4
-1.9  -1.2  5.5175E-4
-1.9  -1.15 1.4695E-5
-1.9  -1.1  7.054E-6
-1.9  -1.05 5.5362E-6
-1.9  -0.9  5.3672E-6
-1.9  -0.85 7.669E-6
-1.9  -0.55 8.313E-6
-1.9  -0.45 1.7575E-5
-1.9  -0.4  2.3892E-5
-1.9  -0.35 4.0348E-6
-1.9  -0.3  8.8372E-6
-1.9  -0.25 4.1308E-5
-1.9  -0.2  2.5506E-5
-1.9  -0.15 1.4246E-5
-1.9  -0.1  2.5212E-4
-1.9  -0.05 7.3332E-4
-1.9  0 9.7101E-4
-1.9  0.05  6.8505E-4
-1.9  0.1 2.2426E-4
-1.9  0.15  9.6843E-6
-1.9  0.2 2.2744E-5
-1.9  0.25  3.4973E-5
-1.9  0.3 6.8751E-6
-1.9  0.4 1.2851E-5
-1.9  0.45  6.1912E-6
-1.9  0.55  3.9631E-6
-1.9  0.7 7.9747E-6
-1.9  0.75  7.2609E-6
-1.9  0.9 6.9679E-6
-1.9  1.05  1.0967E-5
-1.9  1.1 5.9646E-6
-1.9  1.2 3.4609E-5
-1.9  1.25  8.7116E-5
-1.9  1.3 9.9215E-5
-1.9  1.35  6.0638E-5
-1.9  1.4 1.7097E-5
-1.85 -1.35 4.8765E-6
-1.85 -1.3  9.7057E-6
-1.85 -1.25 1.1123E-5
-1.85 -1.2  6.3682E-6
-1.85 -1.05 1.3887E-5
-1.85 -1  4.0079E-5
-1.85 -0.95 1.3326E-5
-1.85 -0.9  1.1336E-5
-1.85 -0.6  2.4957E-5
-1.85 -0.55 4.3934E-6
-1.85 -0.3  4.9791E-6
-1.85 -0.25 8.7739E-5
-1.85 -0.2  9.5143E-5
-1.85 -0.15 1.3763E-5
-1.85 -0.1  1.7556E-4
-1.85 -0.05 5.0082E-4
-1.85 0 7.2927E-4
-1.85 0.05  5.7678E-4
-1.85 0.1 2.1228E-4
-1.85 0.15  1.418E-5
-1.85 0.2 1.8967E-5
-1.85 0.25  3.3705E-5
-1.85 0.3 7.9858E-6
-1.85 0.4 1.1177E-5
-1.85 0.45  6.2548E-6
-1.85 0.7 5.4526E-6
-1.85 0.75  4.6609E-6
-1.85 0.9 5.3974E-6
-1.85 1.05  9.4298E-6
-1.85 1.1 5.0729E-6
-1.85 1.2 3.1287E-5
-1.85 1.25  7.833E-5
-1.85 1.3 9.102E-5
-1.85 1.35  5.6287E-5
-1.85 1.4 1.6845E-5
-1.8  -0.75 8.2717E-6
-1.8  -0.4  1.0589E-5
-1.8  -0.25 4.8473E-6
-1.8  -0.1  2.9635E-5
-1.8  -0.05 1.4342E-4
-1.8  0 5.4166E-4
-1.8  0.05  6.0314E-4
-1.8  0.1 1.5027E-4
-1.8  0.15  5.0261E-6
-1.8  0.2 5.4351E-6
-1.8  0.25  1.3858E-5
-1.8  0.3 4.7947E-6
-1.8  0.4 5.1116E-6
-1.8  0.45  4.3278E-6
-1.8  1.05  4.9006E-6
-1.8  1.2 1.6372E-5
-1.8  1.25  4.0065E-5
-1.8  1.3 4.6461E-5
-1.8  1.35  3.0015E-5
-1.8  1.4 9.1908E-6
-1.75 -0.55 9.0319E-6
-1.75 -0.15 9.6017E-6
-1.75 -0.1  8.6097E-5
-1.75 -0.05 4.1026E-5
-1.75 0 2.8894E-5
-1.75 0.05  1.5758E-5
-1.75 0.1 6.1085E-6
-1.75 0.25  7.9448E-6
-1.75 0.3 7.8783E-6
-1.75 1.2 4.728E-6
-1.75 1.25  1.1032E-5
-1.75 1.3 1.2831E-5
-1.75 1.35  8.5052E-6
-1.7  -0.35 8.0134E-6
-1.7  0 5.3297E-6
-1.7  0.05  1.9348E-5
-1.7  0.1 2.2359E-5
-1.7  0.55  5.5796E-6
-1.65 -0.1  6.4275E-6
-1.65 -0.05 5.6924E-6
-1.6  0 4.6316E-6
-1.6  0.05  1.0604E-5
-1.6  0.1 1.6521E-5
-1.6  0.55  9.3771E-6
-1.6  0.6 1.6402E-5
-1.55 1.25  9.4318E-6
-1.55 1.3 1.7118E-5
-1.5  0.55  5.0511E-6
-1.5  1.05  6.4388E-6
-1.45 0.75  1.2731E-5
-1.45 1.25  2.3241E-5
-1.45 1.3 4.8844E-5
-1.45 1.35  8.9183E-6
-1.1  -0.1  8.5606E-6
-1.1  -0.05 5.6505E-4
-1.1  0 0.0021
-1.1  0.05  1.4797E-4
-1.1  0.1 4.2582E-5
-1.1  0.5 5.5115E-6
-1.1  0.55  6.1958E-6
-1.1  0.6 7.957E-6
-1.1  0.65  1.6082E-5
-1.05 -0.25 1.3994E-4
-1.05 -0.2  4.0148E-6
-1.05 0.9 1.2824E-5
-1  1.1 4.2757E-6
-0.95 1.35  5.6973E-6
-0.9  -0.55 5.1783E-6
-0.85 -0.6  2.8379E-5